10 10
0.08 0.08 0.08 0.08 0.08 0.08 0.08 0.08 0.08 0.08
0.08 0.08 0.08 0.08 0.08 0.08 0.08 0.08 0.08 0.08
0.08 0.08 0.08 0.08 0.08 0.08 0.08 0.08 0.08 0.08
0.08 0.08 0.08 0.08 0.08 0.08 0.08 0.08 0.08 0.08
0.08 0.08 0.08 0.08 0.08 0.08 0.08 0.08 0.08 0.08
0.08 0.08 0.08 0.08 0.08 0.08 0.08 0.08 0.08 0.08
0.08 0.08 0.08 0.08 0.08 0.08 0.08 0.08 0.08 0.08
0.08 0.08 0.08 0.08 0.08 0.08 0.08 0.08 0.08 0.08
0.08 0.08 0.08 0.08 0.08 0.08 0.08 0.08 0.08 0.08
0.08 0.08 0.08 0.08 0.08 0.08 0.08 0.08 0.08 0.08
5 3
25 25 25
1 1
0.6000000000000001 0.24 0.09599999999999996 0.03839999999999998 0.015359999999999988 0.006143999999999994 0.0024575999999999973 0.0009830399999999986 0.00039321599999999935 0.0001572863999999997 6.291455999999988e-05 2.516582399999994e-05 1.0066329599999974e-05 4.026531839999989e-06 1.6106127359999953e-06 6.44245094399998e-07 2.576980377599991e-07 1.0307921510399962e-07 4.123168604159984e-08 1.6492674416639932e-08 6.597069766655972e-09 2.6388279066623883e-09 1.055531162664955e-09 4.222124650659819e-10 1.688849860263927e-10 1.1258982635098391e-10
0.6375000000000001 0.23109375 0.08377148437499997 0.030367163085937485 0.011008096618652338 0.003990435024261471 0.0014465326962947833 0.0005243681024068588 0.00019008343712248628 6.890524595690127e-05 2.4978151659376704e-05 9.054579976524053e-06 3.282285241489969e-06 1.1898284000401135e-06 4.3131279501454106e-07 1.5635088819277108e-07 5.667719696987951e-08 2.054548390158132e-08 7.447737914323227e-09 2.6998049939421693e-09 9.786793103040362e-10 3.5477124998521305e-10 1.286045781196397e-10 4.6619159568369385e-11 1.68994453435339e-11 9.609535389643042e-12
0.675 0.219375 0.07129687499999998 0.023171484374999992 0.007530732421874996 0.0024474880371093736 0.0007954336120605464 0.0002585159239196775 8.401767527389518e-05 2.730574446401593e-05 8.874366950805176e-06 2.8841692590116817e-06 9.373550091787965e-07 3.046403779831088e-07 9.900812284451035e-08 3.217763992446586e-08 1.0457732975451403e-08 3.3987632170217054e-09 1.1045980455320541e-09 3.589943647979176e-10 1.1667316855932318e-10 3.7918779781780025e-11 1.2323603429078509e-11 4.005171114450514e-12 1.3016806121964172e-12 6.269429420058259e-13
1 2
0.6000000000000001 0.24 0.09599999999999996 0.03839999999999998 0.015359999999999988 0.006143999999999994 0.0024575999999999973 0.0009830399999999986 0.00039321599999999935 0.0001572863999999997 6.291455999999988e-05 2.516582399999994e-05 1.0066329599999974e-05 4.026531839999989e-06 1.6106127359999953e-06 6.44245094399998e-07 2.576980377599991e-07 1.0307921510399962e-07 4.123168604159984e-08 1.6492674416639932e-08 6.597069766655972e-09 2.6388279066623883e-09 1.055531162664955e-09 4.222124650659819e-10 1.688849860263927e-10 1.1258982635098391e-10
0.6375000000000001 0.23109375 0.08377148437499997 0.030367163085937485 0.011008096618652338 0.003990435024261471 0.0014465326962947833 0.0005243681024068588 0.00019008343712248628 6.890524595690127e-05 2.4978151659376704e-05 9.054579976524053e-06 3.282285241489969e-06 1.1898284000401135e-06 4.3131279501454106e-07 1.5635088819277108e-07 5.667719696987951e-08 2.054548390158132e-08 7.447737914323227e-09 2.6998049939421693e-09 9.786793103040362e-10 3.5477124998521305e-10 1.286045781196397e-10 4.6619159568369385e-11 1.68994453435339e-11 9.609535389643042e-12
0.675 0.219375 0.07129687499999998 0.023171484374999992 0.007530732421874996 0.0024474880371093736 0.0007954336120605464 0.0002585159239196775 8.401767527389518e-05 2.730574446401593e-05 8.874366950805176e-06 2.8841692590116817e-06 9.373550091787965e-07 3.046403779831088e-07 9.900812284451035e-08 3.217763992446586e-08 1.0457732975451403e-08 3.3987632170217054e-09 1.1045980455320541e-09 3.589943647979176e-10 1.1667316855932318e-10 3.7918779781780025e-11 1.2323603429078509e-11 4.005171114450514e-12 1.3016806121964172e-12 6.269429420058259e-13
1 3
0.6000000000000001 0.24 0.09599999999999996 0.03839999999999998 0.015359999999999988 0.006143999999999994 0.0024575999999999973 0.0009830399999999986 0.00039321599999999935 0.0001572863999999997 6.291455999999988e-05 2.516582399999994e-05 1.0066329599999974e-05 4.026531839999989e-06 1.6106127359999953e-06 6.44245094399998e-07 2.576980377599991e-07 1.0307921510399962e-07 4.123168604159984e-08 1.6492674416639932e-08 6.597069766655972e-09 2.6388279066623883e-09 1.055531162664955e-09 4.222124650659819e-10 1.688849860263927e-10 1.1258982635098391e-10
0.6375000000000001 0.23109375 0.08377148437499997 0.030367163085937485 0.011008096618652338 0.003990435024261471 0.0014465326962947833 0.0005243681024068588 0.00019008343712248628 6.890524595690127e-05 2.4978151659376704e-05 9.054579976524053e-06 3.282285241489969e-06 1.1898284000401135e-06 4.3131279501454106e-07 1.5635088819277108e-07 5.667719696987951e-08 2.054548390158132e-08 7.447737914323227e-09 2.6998049939421693e-09 9.786793103040362e-10 3.5477124998521305e-10 1.286045781196397e-10 4.6619159568369385e-11 1.68994453435339e-11 9.609535389643042e-12
0.675 0.219375 0.07129687499999998 0.023171484374999992 0.007530732421874996 0.0024474880371093736 0.0007954336120605464 0.0002585159239196775 8.401767527389518e-05 2.730574446401593e-05 8.874366950805176e-06 2.8841692590116817e-06 9.373550091787965e-07 3.046403779831088e-07 9.900812284451035e-08 3.217763992446586e-08 1.0457732975451403e-08 3.3987632170217054e-09 1.1045980455320541e-09 3.589943647979176e-10 1.1667316855932318e-10 3.7918779781780025e-11 1.2323603429078509e-11 4.005171114450514e-12 1.3016806121964172e-12 6.269429420058259e-13
1 4
0.6000000000000001 0.24 0.09599999999999996 0.03839999999999998 0.015359999999999988 0.006143999999999994 0.0024575999999999973 0.0009830399999999986 0.00039321599999999935 0.0001572863999999997 6.291455999999988e-05 2.516582399999994e-05 1.0066329599999974e-05 4.026531839999989e-06 1.6106127359999953e-06 6.44245094399998e-07 2.576980377599991e-07 1.0307921510399962e-07 4.123168604159984e-08 1.6492674416639932e-08 6.597069766655972e-09 2.6388279066623883e-09 1.055531162664955e-09 4.222124650659819e-10 1.688849860263927e-10 1.1258982635098391e-10
0.6375000000000001 0.23109375 0.08377148437499997 0.030367163085937485 0.011008096618652338 0.003990435024261471 0.0014465326962947833 0.0005243681024068588 0.00019008343712248628 6.890524595690127e-05 2.4978151659376704e-05 9.054579976524053e-06 3.282285241489969e-06 1.1898284000401135e-06 4.3131279501454106e-07 1.5635088819277108e-07 5.667719696987951e-08 2.054548390158132e-08 7.447737914323227e-09 2.6998049939421693e-09 9.786793103040362e-10 3.5477124998521305e-10 1.286045781196397e-10 4.6619159568369385e-11 1.68994453435339e-11 9.609535389643042e-12
0.675 0.219375 0.07129687499999998 0.023171484374999992 0.007530732421874996 0.0024474880371093736 0.0007954336120605464 0.0002585159239196775 8.401767527389518e-05 2.730574446401593e-05 8.874366950805176e-06 2.8841692590116817e-06 9.373550091787965e-07 3.046403779831088e-07 9.900812284451035e-08 3.217763992446586e-08 1.0457732975451403e-08 3.3987632170217054e-09 1.1045980455320541e-09 3.589943647979176e-10 1.1667316855932318e-10 3.7918779781780025e-11 1.2323603429078509e-11 4.005171114450514e-12 1.3016806121964172e-12 6.269429420058259e-13
1 5
0.6000000000000001 0.24 0.09599999999999996 0.03839999999999998 0.015359999999999988 0.006143999999999994 0.0024575999999999973 0.0009830399999999986 0.00039321599999999935 0.0001572863999999997 6.291455999999988e-05 2.516582399999994e-05 1.0066329599999974e-05 4.026531839999989e-06 1.6106127359999953e-06 6.44245094399998e-07 2.576980377599991e-07 1.0307921510399962e-07 4.123168604159984e-08 1.6492674416639932e-08 6.597069766655972e-09 2.6388279066623883e-09 1.055531162664955e-09 4.222124650659819e-10 1.688849860263927e-10 1.1258982635098391e-10
0.6375000000000001 0.23109375 0.08377148437499997 0.030367163085937485 0.011008096618652338 0.003990435024261471 0.0014465326962947833 0.0005243681024068588 0.00019008343712248628 6.890524595690127e-05 2.4978151659376704e-05 9.054579976524053e-06 3.282285241489969e-06 1.1898284000401135e-06 4.3131279501454106e-07 1.5635088819277108e-07 5.667719696987951e-08 2.054548390158132e-08 7.447737914323227e-09 2.6998049939421693e-09 9.786793103040362e-10 3.5477124998521305e-10 1.286045781196397e-10 4.6619159568369385e-11 1.68994453435339e-11 9.609535389643042e-12
0.675 0.219375 0.07129687499999998 0.023171484374999992 0.007530732421874996 0.0024474880371093736 0.0007954336120605464 0.0002585159239196775 8.401767527389518e-05 2.730574446401593e-05 8.874366950805176e-06 2.8841692590116817e-06 9.373550091787965e-07 3.046403779831088e-07 9.900812284451035e-08 3.217763992446586e-08 1.0457732975451403e-08 3.3987632170217054e-09 1.1045980455320541e-09 3.589943647979176e-10 1.1667316855932318e-10 3.7918779781780025e-11 1.2323603429078509e-11 4.005171114450514e-12 1.3016806121964172e-12 6.269429420058259e-13
2 1
0.6000000000000001 0.24 0.09599999999999996 0.03839999999999998 0.015359999999999988 0.006143999999999994 0.0024575999999999973 0.0009830399999999986 0.00039321599999999935 0.0001572863999999997 6.291455999999988e-05 2.516582399999994e-05 1.0066329599999974e-05 4.026531839999989e-06 1.6106127359999953e-06 6.44245094399998e-07 2.576980377599991e-07 1.0307921510399962e-07 4.123168604159984e-08 1.6492674416639932e-08 6.597069766655972e-09 2.6388279066623883e-09 1.055531162664955e-09 4.222124650659819e-10 1.688849860263927e-10 1.1258982635098391e-10
0.6375000000000001 0.23109375 0.08377148437499997 0.030367163085937485 0.011008096618652338 0.003990435024261471 0.0014465326962947833 0.0005243681024068588 0.00019008343712248628 6.890524595690127e-05 2.4978151659376704e-05 9.054579976524053e-06 3.282285241489969e-06 1.1898284000401135e-06 4.3131279501454106e-07 1.5635088819277108e-07 5.667719696987951e-08 2.054548390158132e-08 7.447737914323227e-09 2.6998049939421693e-09 9.786793103040362e-10 3.5477124998521305e-10 1.286045781196397e-10 4.6619159568369385e-11 1.68994453435339e-11 9.609535389643042e-12
0.675 0.219375 0.07129687499999998 0.023171484374999992 0.007530732421874996 0.0024474880371093736 0.0007954336120605464 0.0002585159239196775 8.401767527389518e-05 2.730574446401593e-05 8.874366950805176e-06 2.8841692590116817e-06 9.373550091787965e-07 3.046403779831088e-07 9.900812284451035e-08 3.217763992446586e-08 1.0457732975451403e-08 3.3987632170217054e-09 1.1045980455320541e-09 3.589943647979176e-10 1.1667316855932318e-10 3.7918779781780025e-11 1.2323603429078509e-11 4.005171114450514e-12 1.3016806121964172e-12 6.269429420058259e-13
2 2
0.6000000000000001 0.24 0.09599999999999996 0.03839999999999998 0.015359999999999988 0.006143999999999994 0.0024575999999999973 0.0009830399999999986 0.00039321599999999935 0.0001572863999999997 6.291455999999988e-05 2.516582399999994e-05 1.0066329599999974e-05 4.026531839999989e-06 1.6106127359999953e-06 6.44245094399998e-07 2.576980377599991e-07 1.0307921510399962e-07 4.123168604159984e-08 1.6492674416639932e-08 6.597069766655972e-09 2.6388279066623883e-09 1.055531162664955e-09 4.222124650659819e-10 1.688849860263927e-10 1.1258982635098391e-10
0.6375000000000001 0.23109375 0.08377148437499997 0.030367163085937485 0.011008096618652338 0.003990435024261471 0.0014465326962947833 0.0005243681024068588 0.00019008343712248628 6.890524595690127e-05 2.4978151659376704e-05 9.054579976524053e-06 3.282285241489969e-06 1.1898284000401135e-06 4.3131279501454106e-07 1.5635088819277108e-07 5.667719696987951e-08 2.054548390158132e-08 7.447737914323227e-09 2.6998049939421693e-09 9.786793103040362e-10 3.5477124998521305e-10 1.286045781196397e-10 4.6619159568369385e-11 1.68994453435339e-11 9.609535389643042e-12
0.675 0.219375 0.07129687499999998 0.023171484374999992 0.007530732421874996 0.0024474880371093736 0.0007954336120605464 0.0002585159239196775 8.401767527389518e-05 2.730574446401593e-05 8.874366950805176e-06 2.8841692590116817e-06 9.373550091787965e-07 3.046403779831088e-07 9.900812284451035e-08 3.217763992446586e-08 1.0457732975451403e-08 3.3987632170217054e-09 1.1045980455320541e-09 3.589943647979176e-10 1.1667316855932318e-10 3.7918779781780025e-11 1.2323603429078509e-11 4.005171114450514e-12 1.3016806121964172e-12 6.269429420058259e-13
2 3
0.6000000000000001 0.24 0.09599999999999996 0.03839999999999998 0.015359999999999988 0.006143999999999994 0.0024575999999999973 0.0009830399999999986 0.00039321599999999935 0.0001572863999999997 6.291455999999988e-05 2.516582399999994e-05 1.0066329599999974e-05 4.026531839999989e-06 1.6106127359999953e-06 6.44245094399998e-07 2.576980377599991e-07 1.0307921510399962e-07 4.123168604159984e-08 1.6492674416639932e-08 6.597069766655972e-09 2.6388279066623883e-09 1.055531162664955e-09 4.222124650659819e-10 1.688849860263927e-10 1.1258982635098391e-10
0.6375000000000001 0.23109375 0.08377148437499997 0.030367163085937485 0.011008096618652338 0.003990435024261471 0.0014465326962947833 0.0005243681024068588 0.00019008343712248628 6.890524595690127e-05 2.4978151659376704e-05 9.054579976524053e-06 3.282285241489969e-06 1.1898284000401135e-06 4.3131279501454106e-07 1.5635088819277108e-07 5.667719696987951e-08 2.054548390158132e-08 7.447737914323227e-09 2.6998049939421693e-09 9.786793103040362e-10 3.5477124998521305e-10 1.286045781196397e-10 4.6619159568369385e-11 1.68994453435339e-11 9.609535389643042e-12
0.675 0.219375 0.07129687499999998 0.023171484374999992 0.007530732421874996 0.0024474880371093736 0.0007954336120605464 0.0002585159239196775 8.401767527389518e-05 2.730574446401593e-05 8.874366950805176e-06 2.8841692590116817e-06 9.373550091787965e-07 3.046403779831088e-07 9.900812284451035e-08 3.217763992446586e-08 1.0457732975451403e-08 3.3987632170217054e-09 1.1045980455320541e-09 3.589943647979176e-10 1.1667316855932318e-10 3.7918779781780025e-11 1.2323603429078509e-11 4.005171114450514e-12 1.3016806121964172e-12 6.269429420058259e-13
2 4
0.6000000000000001 0.24 0.09599999999999996 0.03839999999999998 0.015359999999999988 0.006143999999999994 0.0024575999999999973 0.0009830399999999986 0.00039321599999999935 0.0001572863999999997 6.291455999999988e-05 2.516582399999994e-05 1.0066329599999974e-05 4.026531839999989e-06 1.6106127359999953e-06 6.44245094399998e-07 2.576980377599991e-07 1.0307921510399962e-07 4.123168604159984e-08 1.6492674416639932e-08 6.597069766655972e-09 2.6388279066623883e-09 1.055531162664955e-09 4.222124650659819e-10 1.688849860263927e-10 1.1258982635098391e-10
0.6375000000000001 0.23109375 0.08377148437499997 0.030367163085937485 0.011008096618652338 0.003990435024261471 0.0014465326962947833 0.0005243681024068588 0.00019008343712248628 6.890524595690127e-05 2.4978151659376704e-05 9.054579976524053e-06 3.282285241489969e-06 1.1898284000401135e-06 4.3131279501454106e-07 1.5635088819277108e-07 5.667719696987951e-08 2.054548390158132e-08 7.447737914323227e-09 2.6998049939421693e-09 9.786793103040362e-10 3.5477124998521305e-10 1.286045781196397e-10 4.6619159568369385e-11 1.68994453435339e-11 9.609535389643042e-12
0.675 0.219375 0.07129687499999998 0.023171484374999992 0.007530732421874996 0.0024474880371093736 0.0007954336120605464 0.0002585159239196775 8.401767527389518e-05 2.730574446401593e-05 8.874366950805176e-06 2.8841692590116817e-06 9.373550091787965e-07 3.046403779831088e-07 9.900812284451035e-08 3.217763992446586e-08 1.0457732975451403e-08 3.3987632170217054e-09 1.1045980455320541e-09 3.589943647979176e-10 1.1667316855932318e-10 3.7918779781780025e-11 1.2323603429078509e-11 4.005171114450514e-12 1.3016806121964172e-12 6.269429420058259e-13
2 5
0.6000000000000001 0.24 0.09599999999999996 0.03839999999999998 0.015359999999999988 0.006143999999999994 0.0024575999999999973 0.0009830399999999986 0.00039321599999999935 0.0001572863999999997 6.291455999999988e-05 2.516582399999994e-05 1.0066329599999974e-05 4.026531839999989e-06 1.6106127359999953e-06 6.44245094399998e-07 2.576980377599991e-07 1.0307921510399962e-07 4.123168604159984e-08 1.6492674416639932e-08 6.597069766655972e-09 2.6388279066623883e-09 1.055531162664955e-09 4.222124650659819e-10 1.688849860263927e-10 1.1258982635098391e-10
0.6375000000000001 0.23109375 0.08377148437499997 0.030367163085937485 0.011008096618652338 0.003990435024261471 0.0014465326962947833 0.0005243681024068588 0.00019008343712248628 6.890524595690127e-05 2.4978151659376704e-05 9.054579976524053e-06 3.282285241489969e-06 1.1898284000401135e-06 4.3131279501454106e-07 1.5635088819277108e-07 5.667719696987951e-08 2.054548390158132e-08 7.447737914323227e-09 2.6998049939421693e-09 9.786793103040362e-10 3.5477124998521305e-10 1.286045781196397e-10 4.6619159568369385e-11 1.68994453435339e-11 9.609535389643042e-12
0.675 0.219375 0.07129687499999998 0.023171484374999992 0.007530732421874996 0.0024474880371093736 0.0007954336120605464 0.0002585159239196775 8.401767527389518e-05 2.730574446401593e-05 8.874366950805176e-06 2.8841692590116817e-06 9.373550091787965e-07 3.046403779831088e-07 9.900812284451035e-08 3.217763992446586e-08 1.0457732975451403e-08 3.3987632170217054e-09 1.1045980455320541e-09 3.589943647979176e-10 1.1667316855932318e-10 3.7918779781780025e-11 1.2323603429078509e-11 4.005171114450514e-12 1.3016806121964172e-12 6.269429420058259e-13
3 1
0.6000000000000001 0.24 0.09599999999999996 0.03839999999999998 0.015359999999999988 0.006143999999999994 0.0024575999999999973 0.0009830399999999986 0.00039321599999999935 0.0001572863999999997 6.291455999999988e-05 2.516582399999994e-05 1.0066329599999974e-05 4.026531839999989e-06 1.6106127359999953e-06 6.44245094399998e-07 2.576980377599991e-07 1.0307921510399962e-07 4.123168604159984e-08 1.6492674416639932e-08 6.597069766655972e-09 2.6388279066623883e-09 1.055531162664955e-09 4.222124650659819e-10 1.688849860263927e-10 1.1258982635098391e-10
0.6375000000000001 0.23109375 0.08377148437499997 0.030367163085937485 0.011008096618652338 0.003990435024261471 0.0014465326962947833 0.0005243681024068588 0.00019008343712248628 6.890524595690127e-05 2.4978151659376704e-05 9.054579976524053e-06 3.282285241489969e-06 1.1898284000401135e-06 4.3131279501454106e-07 1.5635088819277108e-07 5.667719696987951e-08 2.054548390158132e-08 7.447737914323227e-09 2.6998049939421693e-09 9.786793103040362e-10 3.5477124998521305e-10 1.286045781196397e-10 4.6619159568369385e-11 1.68994453435339e-11 9.609535389643042e-12
0.675 0.219375 0.07129687499999998 0.023171484374999992 0.007530732421874996 0.0024474880371093736 0.0007954336120605464 0.0002585159239196775 8.401767527389518e-05 2.730574446401593e-05 8.874366950805176e-06 2.8841692590116817e-06 9.373550091787965e-07 3.046403779831088e-07 9.900812284451035e-08 3.217763992446586e-08 1.0457732975451403e-08 3.3987632170217054e-09 1.1045980455320541e-09 3.589943647979176e-10 1.1667316855932318e-10 3.7918779781780025e-11 1.2323603429078509e-11 4.005171114450514e-12 1.3016806121964172e-12 6.269429420058259e-13
3 2
0.6000000000000001 0.24 0.09599999999999996 0.03839999999999998 0.015359999999999988 0.006143999999999994 0.0024575999999999973 0.0009830399999999986 0.00039321599999999935 0.0001572863999999997 6.291455999999988e-05 2.516582399999994e-05 1.0066329599999974e-05 4.026531839999989e-06 1.6106127359999953e-06 6.44245094399998e-07 2.576980377599991e-07 1.0307921510399962e-07 4.123168604159984e-08 1.6492674416639932e-08 6.597069766655972e-09 2.6388279066623883e-09 1.055531162664955e-09 4.222124650659819e-10 1.688849860263927e-10 1.1258982635098391e-10
0.6375000000000001 0.23109375 0.08377148437499997 0.030367163085937485 0.011008096618652338 0.003990435024261471 0.0014465326962947833 0.0005243681024068588 0.00019008343712248628 6.890524595690127e-05 2.4978151659376704e-05 9.054579976524053e-06 3.282285241489969e-06 1.1898284000401135e-06 4.3131279501454106e-07 1.5635088819277108e-07 5.667719696987951e-08 2.054548390158132e-08 7.447737914323227e-09 2.6998049939421693e-09 9.786793103040362e-10 3.5477124998521305e-10 1.286045781196397e-10 4.6619159568369385e-11 1.68994453435339e-11 9.609535389643042e-12
0.675 0.219375 0.07129687499999998 0.023171484374999992 0.007530732421874996 0.0024474880371093736 0.0007954336120605464 0.0002585159239196775 8.401767527389518e-05 2.730574446401593e-05 8.874366950805176e-06 2.8841692590116817e-06 9.373550091787965e-07 3.046403779831088e-07 9.900812284451035e-08 3.217763992446586e-08 1.0457732975451403e-08 3.3987632170217054e-09 1.1045980455320541e-09 3.589943647979176e-10 1.1667316855932318e-10 3.7918779781780025e-11 1.2323603429078509e-11 4.005171114450514e-12 1.3016806121964172e-12 6.269429420058259e-13
3 3
0.6000000000000001 0.24 0.09599999999999996 0.03839999999999998 0.015359999999999988 0.006143999999999994 0.0024575999999999973 0.0009830399999999986 0.00039321599999999935 0.0001572863999999997 6.291455999999988e-05 2.516582399999994e-05 1.0066329599999974e-05 4.026531839999989e-06 1.6106127359999953e-06 6.44245094399998e-07 2.576980377599991e-07 1.0307921510399962e-07 4.123168604159984e-08 1.6492674416639932e-08 6.597069766655972e-09 2.6388279066623883e-09 1.055531162664955e-09 4.222124650659819e-10 1.688849860263927e-10 1.1258982635098391e-10
0.6375000000000001 0.23109375 0.08377148437499997 0.030367163085937485 0.011008096618652338 0.003990435024261471 0.0014465326962947833 0.0005243681024068588 0.00019008343712248628 6.890524595690127e-05 2.4978151659376704e-05 9.054579976524053e-06 3.282285241489969e-06 1.1898284000401135e-06 4.3131279501454106e-07 1.5635088819277108e-07 5.667719696987951e-08 2.054548390158132e-08 7.447737914323227e-09 2.6998049939421693e-09 9.786793103040362e-10 3.5477124998521305e-10 1.286045781196397e-10 4.6619159568369385e-11 1.68994453435339e-11 9.609535389643042e-12
0.675 0.219375 0.07129687499999998 0.023171484374999992 0.007530732421874996 0.0024474880371093736 0.0007954336120605464 0.0002585159239196775 8.401767527389518e-05 2.730574446401593e-05 8.874366950805176e-06 2.8841692590116817e-06 9.373550091787965e-07 3.046403779831088e-07 9.900812284451035e-08 3.217763992446586e-08 1.0457732975451403e-08 3.3987632170217054e-09 1.1045980455320541e-09 3.589943647979176e-10 1.1667316855932318e-10 3.7918779781780025e-11 1.2323603429078509e-11 4.005171114450514e-12 1.3016806121964172e-12 6.269429420058259e-13
3 4
0.6000000000000001 0.24 0.09599999999999996 0.03839999999999998 0.015359999999999988 0.006143999999999994 0.0024575999999999973 0.0009830399999999986 0.00039321599999999935 0.0001572863999999997 6.291455999999988e-05 2.516582399999994e-05 1.0066329599999974e-05 4.026531839999989e-06 1.6106127359999953e-06 6.44245094399998e-07 2.576980377599991e-07 1.0307921510399962e-07 4.123168604159984e-08 1.6492674416639932e-08 6.597069766655972e-09 2.6388279066623883e-09 1.055531162664955e-09 4.222124650659819e-10 1.688849860263927e-10 1.1258982635098391e-10
0.6375000000000001 0.23109375 0.08377148437499997 0.030367163085937485 0.011008096618652338 0.003990435024261471 0.0014465326962947833 0.0005243681024068588 0.00019008343712248628 6.890524595690127e-05 2.4978151659376704e-05 9.054579976524053e-06 3.282285241489969e-06 1.1898284000401135e-06 4.3131279501454106e-07 1.5635088819277108e-07 5.667719696987951e-08 2.054548390158132e-08 7.447737914323227e-09 2.6998049939421693e-09 9.786793103040362e-10 3.5477124998521305e-10 1.286045781196397e-10 4.6619159568369385e-11 1.68994453435339e-11 9.609535389643042e-12
0.675 0.219375 0.07129687499999998 0.023171484374999992 0.007530732421874996 0.0024474880371093736 0.0007954336120605464 0.0002585159239196775 8.401767527389518e-05 2.730574446401593e-05 8.874366950805176e-06 2.8841692590116817e-06 9.373550091787965e-07 3.046403779831088e-07 9.900812284451035e-08 3.217763992446586e-08 1.0457732975451403e-08 3.3987632170217054e-09 1.1045980455320541e-09 3.589943647979176e-10 1.1667316855932318e-10 3.7918779781780025e-11 1.2323603429078509e-11 4.005171114450514e-12 1.3016806121964172e-12 6.269429420058259e-13
3 5
0.6000000000000001 0.24 0.09599999999999996 0.03839999999999998 0.015359999999999988 0.006143999999999994 0.0024575999999999973 0.0009830399999999986 0.00039321599999999935 0.0001572863999999997 6.291455999999988e-05 2.516582399999994e-05 1.0066329599999974e-05 4.026531839999989e-06 1.6106127359999953e-06 6.44245094399998e-07 2.576980377599991e-07 1.0307921510399962e-07 4.123168604159984e-08 1.6492674416639932e-08 6.597069766655972e-09 2.6388279066623883e-09 1.055531162664955e-09 4.222124650659819e-10 1.688849860263927e-10 1.1258982635098391e-10
0.6375000000000001 0.23109375 0.08377148437499997 0.030367163085937485 0.011008096618652338 0.003990435024261471 0.0014465326962947833 0.0005243681024068588 0.00019008343712248628 6.890524595690127e-05 2.4978151659376704e-05 9.054579976524053e-06 3.282285241489969e-06 1.1898284000401135e-06 4.3131279501454106e-07 1.5635088819277108e-07 5.667719696987951e-08 2.054548390158132e-08 7.447737914323227e-09 2.6998049939421693e-09 9.786793103040362e-10 3.5477124998521305e-10 1.286045781196397e-10 4.6619159568369385e-11 1.68994453435339e-11 9.609535389643042e-12
0.675 0.219375 0.07129687499999998 0.023171484374999992 0.007530732421874996 0.0024474880371093736 0.0007954336120605464 0.0002585159239196775 8.401767527389518e-05 2.730574446401593e-05 8.874366950805176e-06 2.8841692590116817e-06 9.373550091787965e-07 3.046403779831088e-07 9.900812284451035e-08 3.217763992446586e-08 1.0457732975451403e-08 3.3987632170217054e-09 1.1045980455320541e-09 3.589943647979176e-10 1.1667316855932318e-10 3.7918779781780025e-11 1.2323603429078509e-11 4.005171114450514e-12 1.3016806121964172e-12 6.269429420058259e-13
4 1
0.6000000000000001 0.24 0.09599999999999996 0.03839999999999998 0.015359999999999988 0.006143999999999994 0.0024575999999999973 0.0009830399999999986 0.00039321599999999935 0.0001572863999999997 6.291455999999988e-05 2.516582399999994e-05 1.0066329599999974e-05 4.026531839999989e-06 1.6106127359999953e-06 6.44245094399998e-07 2.576980377599991e-07 1.0307921510399962e-07 4.123168604159984e-08 1.6492674416639932e-08 6.597069766655972e-09 2.6388279066623883e-09 1.055531162664955e-09 4.222124650659819e-10 1.688849860263927e-10 1.1258982635098391e-10
0.6375000000000001 0.23109375 0.08377148437499997 0.030367163085937485 0.011008096618652338 0.003990435024261471 0.0014465326962947833 0.0005243681024068588 0.00019008343712248628 6.890524595690127e-05 2.4978151659376704e-05 9.054579976524053e-06 3.282285241489969e-06 1.1898284000401135e-06 4.3131279501454106e-07 1.5635088819277108e-07 5.667719696987951e-08 2.054548390158132e-08 7.447737914323227e-09 2.6998049939421693e-09 9.786793103040362e-10 3.5477124998521305e-10 1.286045781196397e-10 4.6619159568369385e-11 1.68994453435339e-11 9.609535389643042e-12
0.675 0.219375 0.07129687499999998 0.023171484374999992 0.007530732421874996 0.0024474880371093736 0.0007954336120605464 0.0002585159239196775 8.401767527389518e-05 2.730574446401593e-05 8.874366950805176e-06 2.8841692590116817e-06 9.373550091787965e-07 3.046403779831088e-07 9.900812284451035e-08 3.217763992446586e-08 1.0457732975451403e-08 3.3987632170217054e-09 1.1045980455320541e-09 3.589943647979176e-10 1.1667316855932318e-10 3.7918779781780025e-11 1.2323603429078509e-11 4.005171114450514e-12 1.3016806121964172e-12 6.269429420058259e-13
4 2
0.6000000000000001 0.24 0.09599999999999996 0.03839999999999998 0.015359999999999988 0.006143999999999994 0.0024575999999999973 0.0009830399999999986 0.00039321599999999935 0.0001572863999999997 6.291455999999988e-05 2.516582399999994e-05 1.0066329599999974e-05 4.026531839999989e-06 1.6106127359999953e-06 6.44245094399998e-07 2.576980377599991e-07 1.0307921510399962e-07 4.123168604159984e-08 1.6492674416639932e-08 6.597069766655972e-09 2.6388279066623883e-09 1.055531162664955e-09 4.222124650659819e-10 1.688849860263927e-10 1.1258982635098391e-10
0.6375000000000001 0.23109375 0.08377148437499997 0.030367163085937485 0.011008096618652338 0.003990435024261471 0.0014465326962947833 0.0005243681024068588 0.00019008343712248628 6.890524595690127e-05 2.4978151659376704e-05 9.054579976524053e-06 3.282285241489969e-06 1.1898284000401135e-06 4.3131279501454106e-07 1.5635088819277108e-07 5.667719696987951e-08 2.054548390158132e-08 7.447737914323227e-09 2.6998049939421693e-09 9.786793103040362e-10 3.5477124998521305e-10 1.286045781196397e-10 4.6619159568369385e-11 1.68994453435339e-11 9.609535389643042e-12
0.675 0.219375 0.07129687499999998 0.023171484374999992 0.007530732421874996 0.0024474880371093736 0.0007954336120605464 0.0002585159239196775 8.401767527389518e-05 2.730574446401593e-05 8.874366950805176e-06 2.8841692590116817e-06 9.373550091787965e-07 3.046403779831088e-07 9.900812284451035e-08 3.217763992446586e-08 1.0457732975451403e-08 3.3987632170217054e-09 1.1045980455320541e-09 3.589943647979176e-10 1.1667316855932318e-10 3.7918779781780025e-11 1.2323603429078509e-11 4.005171114450514e-12 1.3016806121964172e-12 6.269429420058259e-13
4 3
0.6000000000000001 0.24 0.09599999999999996 0.03839999999999998 0.015359999999999988 0.006143999999999994 0.0024575999999999973 0.0009830399999999986 0.00039321599999999935 0.0001572863999999997 6.291455999999988e-05 2.516582399999994e-05 1.0066329599999974e-05 4.026531839999989e-06 1.6106127359999953e-06 6.44245094399998e-07 2.576980377599991e-07 1.0307921510399962e-07 4.123168604159984e-08 1.6492674416639932e-08 6.597069766655972e-09 2.6388279066623883e-09 1.055531162664955e-09 4.222124650659819e-10 1.688849860263927e-10 1.1258982635098391e-10
0.6375000000000001 0.23109375 0.08377148437499997 0.030367163085937485 0.011008096618652338 0.003990435024261471 0.0014465326962947833 0.0005243681024068588 0.00019008343712248628 6.890524595690127e-05 2.4978151659376704e-05 9.054579976524053e-06 3.282285241489969e-06 1.1898284000401135e-06 4.3131279501454106e-07 1.5635088819277108e-07 5.667719696987951e-08 2.054548390158132e-08 7.447737914323227e-09 2.6998049939421693e-09 9.786793103040362e-10 3.5477124998521305e-10 1.286045781196397e-10 4.6619159568369385e-11 1.68994453435339e-11 9.609535389643042e-12
0.675 0.219375 0.07129687499999998 0.023171484374999992 0.007530732421874996 0.0024474880371093736 0.0007954336120605464 0.0002585159239196775 8.401767527389518e-05 2.730574446401593e-05 8.874366950805176e-06 2.8841692590116817e-06 9.373550091787965e-07 3.046403779831088e-07 9.900812284451035e-08 3.217763992446586e-08 1.0457732975451403e-08 3.3987632170217054e-09 1.1045980455320541e-09 3.589943647979176e-10 1.1667316855932318e-10 3.7918779781780025e-11 1.2323603429078509e-11 4.005171114450514e-12 1.3016806121964172e-12 6.269429420058259e-13
4 4
0.6000000000000001 0.24 0.09599999999999996 0.03839999999999998 0.015359999999999988 0.006143999999999994 0.0024575999999999973 0.0009830399999999986 0.00039321599999999935 0.0001572863999999997 6.291455999999988e-05 2.516582399999994e-05 1.0066329599999974e-05 4.026531839999989e-06 1.6106127359999953e-06 6.44245094399998e-07 2.576980377599991e-07 1.0307921510399962e-07 4.123168604159984e-08 1.6492674416639932e-08 6.597069766655972e-09 2.6388279066623883e-09 1.055531162664955e-09 4.222124650659819e-10 1.688849860263927e-10 1.1258982635098391e-10
0.6375000000000001 0.23109375 0.08377148437499997 0.030367163085937485 0.011008096618652338 0.003990435024261471 0.0014465326962947833 0.0005243681024068588 0.00019008343712248628 6.890524595690127e-05 2.4978151659376704e-05 9.054579976524053e-06 3.282285241489969e-06 1.1898284000401135e-06 4.3131279501454106e-07 1.5635088819277108e-07 5.667719696987951e-08 2.054548390158132e-08 7.447737914323227e-09 2.6998049939421693e-09 9.786793103040362e-10 3.5477124998521305e-10 1.286045781196397e-10 4.6619159568369385e-11 1.68994453435339e-11 9.609535389643042e-12
0.675 0.219375 0.07129687499999998 0.023171484374999992 0.007530732421874996 0.0024474880371093736 0.0007954336120605464 0.0002585159239196775 8.401767527389518e-05 2.730574446401593e-05 8.874366950805176e-06 2.8841692590116817e-06 9.373550091787965e-07 3.046403779831088e-07 9.900812284451035e-08 3.217763992446586e-08 1.0457732975451403e-08 3.3987632170217054e-09 1.1045980455320541e-09 3.589943647979176e-10 1.1667316855932318e-10 3.7918779781780025e-11 1.2323603429078509e-11 4.005171114450514e-12 1.3016806121964172e-12 6.269429420058259e-13
4 5
0.6000000000000001 0.24 0.09599999999999996 0.03839999999999998 0.015359999999999988 0.006143999999999994 0.0024575999999999973 0.0009830399999999986 0.00039321599999999935 0.0001572863999999997 6.291455999999988e-05 2.516582399999994e-05 1.0066329599999974e-05 4.026531839999989e-06 1.6106127359999953e-06 6.44245094399998e-07 2.576980377599991e-07 1.0307921510399962e-07 4.123168604159984e-08 1.6492674416639932e-08 6.597069766655972e-09 2.6388279066623883e-09 1.055531162664955e-09 4.222124650659819e-10 1.688849860263927e-10 1.1258982635098391e-10
0.6375000000000001 0.23109375 0.08377148437499997 0.030367163085937485 0.011008096618652338 0.003990435024261471 0.0014465326962947833 0.0005243681024068588 0.00019008343712248628 6.890524595690127e-05 2.4978151659376704e-05 9.054579976524053e-06 3.282285241489969e-06 1.1898284000401135e-06 4.3131279501454106e-07 1.5635088819277108e-07 5.667719696987951e-08 2.054548390158132e-08 7.447737914323227e-09 2.6998049939421693e-09 9.786793103040362e-10 3.5477124998521305e-10 1.286045781196397e-10 4.6619159568369385e-11 1.68994453435339e-11 9.609535389643042e-12
0.675 0.219375 0.07129687499999998 0.023171484374999992 0.007530732421874996 0.0024474880371093736 0.0007954336120605464 0.0002585159239196775 8.401767527389518e-05 2.730574446401593e-05 8.874366950805176e-06 2.8841692590116817e-06 9.373550091787965e-07 3.046403779831088e-07 9.900812284451035e-08 3.217763992446586e-08 1.0457732975451403e-08 3.3987632170217054e-09 1.1045980455320541e-09 3.589943647979176e-10 1.1667316855932318e-10 3.7918779781780025e-11 1.2323603429078509e-11 4.005171114450514e-12 1.3016806121964172e-12 6.269429420058259e-13
5 1
0.6000000000000001 0.24 0.09599999999999996 0.03839999999999998 0.015359999999999988 0.006143999999999994 0.0024575999999999973 0.0009830399999999986 0.00039321599999999935 0.0001572863999999997 6.291455999999988e-05 2.516582399999994e-05 1.0066329599999974e-05 4.026531839999989e-06 1.6106127359999953e-06 6.44245094399998e-07 2.576980377599991e-07 1.0307921510399962e-07 4.123168604159984e-08 1.6492674416639932e-08 6.597069766655972e-09 2.6388279066623883e-09 1.055531162664955e-09 4.222124650659819e-10 1.688849860263927e-10 1.1258982635098391e-10
0.6375000000000001 0.23109375 0.08377148437499997 0.030367163085937485 0.011008096618652338 0.003990435024261471 0.0014465326962947833 0.0005243681024068588 0.00019008343712248628 6.890524595690127e-05 2.4978151659376704e-05 9.054579976524053e-06 3.282285241489969e-06 1.1898284000401135e-06 4.3131279501454106e-07 1.5635088819277108e-07 5.667719696987951e-08 2.054548390158132e-08 7.447737914323227e-09 2.6998049939421693e-09 9.786793103040362e-10 3.5477124998521305e-10 1.286045781196397e-10 4.6619159568369385e-11 1.68994453435339e-11 9.609535389643042e-12
0.675 0.219375 0.07129687499999998 0.023171484374999992 0.007530732421874996 0.0024474880371093736 0.0007954336120605464 0.0002585159239196775 8.401767527389518e-05 2.730574446401593e-05 8.874366950805176e-06 2.8841692590116817e-06 9.373550091787965e-07 3.046403779831088e-07 9.900812284451035e-08 3.217763992446586e-08 1.0457732975451403e-08 3.3987632170217054e-09 1.1045980455320541e-09 3.589943647979176e-10 1.1667316855932318e-10 3.7918779781780025e-11 1.2323603429078509e-11 4.005171114450514e-12 1.3016806121964172e-12 6.269429420058259e-13
5 2
0.6000000000000001 0.24 0.09599999999999996 0.03839999999999998 0.015359999999999988 0.006143999999999994 0.0024575999999999973 0.0009830399999999986 0.00039321599999999935 0.0001572863999999997 6.291455999999988e-05 2.516582399999994e-05 1.0066329599999974e-05 4.026531839999989e-06 1.6106127359999953e-06 6.44245094399998e-07 2.576980377599991e-07 1.0307921510399962e-07 4.123168604159984e-08 1.6492674416639932e-08 6.597069766655972e-09 2.6388279066623883e-09 1.055531162664955e-09 4.222124650659819e-10 1.688849860263927e-10 1.1258982635098391e-10
0.6375000000000001 0.23109375 0.08377148437499997 0.030367163085937485 0.011008096618652338 0.003990435024261471 0.0014465326962947833 0.0005243681024068588 0.00019008343712248628 6.890524595690127e-05 2.4978151659376704e-05 9.054579976524053e-06 3.282285241489969e-06 1.1898284000401135e-06 4.3131279501454106e-07 1.5635088819277108e-07 5.667719696987951e-08 2.054548390158132e-08 7.447737914323227e-09 2.6998049939421693e-09 9.786793103040362e-10 3.5477124998521305e-10 1.286045781196397e-10 4.6619159568369385e-11 1.68994453435339e-11 9.609535389643042e-12
0.675 0.219375 0.07129687499999998 0.023171484374999992 0.007530732421874996 0.0024474880371093736 0.0007954336120605464 0.0002585159239196775 8.401767527389518e-05 2.730574446401593e-05 8.874366950805176e-06 2.8841692590116817e-06 9.373550091787965e-07 3.046403779831088e-07 9.900812284451035e-08 3.217763992446586e-08 1.0457732975451403e-08 3.3987632170217054e-09 1.1045980455320541e-09 3.589943647979176e-10 1.1667316855932318e-10 3.7918779781780025e-11 1.2323603429078509e-11 4.005171114450514e-12 1.3016806121964172e-12 6.269429420058259e-13
5 3
0.6000000000000001 0.24 0.09599999999999996 0.03839999999999998 0.015359999999999988 0.006143999999999994 0.0024575999999999973 0.0009830399999999986 0.00039321599999999935 0.0001572863999999997 6.291455999999988e-05 2.516582399999994e-05 1.0066329599999974e-05 4.026531839999989e-06 1.6106127359999953e-06 6.44245094399998e-07 2.576980377599991e-07 1.0307921510399962e-07 4.123168604159984e-08 1.6492674416639932e-08 6.597069766655972e-09 2.6388279066623883e-09 1.055531162664955e-09 4.222124650659819e-10 1.688849860263927e-10 1.1258982635098391e-10
0.6375000000000001 0.23109375 0.08377148437499997 0.030367163085937485 0.011008096618652338 0.003990435024261471 0.0014465326962947833 0.0005243681024068588 0.00019008343712248628 6.890524595690127e-05 2.4978151659376704e-05 9.054579976524053e-06 3.282285241489969e-06 1.1898284000401135e-06 4.3131279501454106e-07 1.5635088819277108e-07 5.667719696987951e-08 2.054548390158132e-08 7.447737914323227e-09 2.6998049939421693e-09 9.786793103040362e-10 3.5477124998521305e-10 1.286045781196397e-10 4.6619159568369385e-11 1.68994453435339e-11 9.609535389643042e-12
0.675 0.219375 0.07129687499999998 0.023171484374999992 0.007530732421874996 0.0024474880371093736 0.0007954336120605464 0.0002585159239196775 8.401767527389518e-05 2.730574446401593e-05 8.874366950805176e-06 2.8841692590116817e-06 9.373550091787965e-07 3.046403779831088e-07 9.900812284451035e-08 3.217763992446586e-08 1.0457732975451403e-08 3.3987632170217054e-09 1.1045980455320541e-09 3.589943647979176e-10 1.1667316855932318e-10 3.7918779781780025e-11 1.2323603429078509e-11 4.005171114450514e-12 1.3016806121964172e-12 6.269429420058259e-13
5 4
0.6000000000000001 0.24 0.09599999999999996 0.03839999999999998 0.015359999999999988 0.006143999999999994 0.0024575999999999973 0.0009830399999999986 0.00039321599999999935 0.0001572863999999997 6.291455999999988e-05 2.516582399999994e-05 1.0066329599999974e-05 4.026531839999989e-06 1.6106127359999953e-06 6.44245094399998e-07 2.576980377599991e-07 1.0307921510399962e-07 4.123168604159984e-08 1.6492674416639932e-08 6.597069766655972e-09 2.6388279066623883e-09 1.055531162664955e-09 4.222124650659819e-10 1.688849860263927e-10 1.1258982635098391e-10
0.6375000000000001 0.23109375 0.08377148437499997 0.030367163085937485 0.011008096618652338 0.003990435024261471 0.0014465326962947833 0.0005243681024068588 0.00019008343712248628 6.890524595690127e-05 2.4978151659376704e-05 9.054579976524053e-06 3.282285241489969e-06 1.1898284000401135e-06 4.3131279501454106e-07 1.5635088819277108e-07 5.667719696987951e-08 2.054548390158132e-08 7.447737914323227e-09 2.6998049939421693e-09 9.786793103040362e-10 3.5477124998521305e-10 1.286045781196397e-10 4.6619159568369385e-11 1.68994453435339e-11 9.609535389643042e-12
