10 10
0.08 0.08 0.08 0.08 0.08 0.08 0.08 0.08 0.08 0.08
0.08 0.08 0.08 0.08 0.08 0.08 0.08 0.08 0.08 0.08
0.08 0.08 0.08 0.08 0.08 0.08 0.08 0.08 0.08 0.08
0.08 0.08 0.08 0.08 0.08 0.08 0.08 0.08 0.08 0.08
0.08 0.08 0.08 0.08 0.08 0.08 0.08 0.08 0.08 0.08
0.08 0.08 0.08 0.08 0.08 0.08 0.08 0.08 0.08 0.08
0.08 0.08 0.08 0.08 0.08 0.08 0.08 0.08 0.08 0.08
0.08 0.08 0.08 0.08 0.08 0.08 0.08 0.08 0.08 0.08
0.08 0.08 0.08 0.08 0.08 0.08 0.08 0.08 0.08 0.08
0.08 0.08 0.08 0.08 0.08 0.08 0.08 0.08 0.08 0.08
5 3
25 25 25
1 1
0.22313016014842987 0.33469524022264474 0.25102143016698353 0.12551071508349176 0.04706651815630939 0.014119955446892818 0.003529988861723204 0.0007564261846549717 0.00014182990962280706 2.3638318270467896e-05 3.5457477405701783e-06 4.835110555322967e-07 6.043888194153728e-08 6.973717147100454e-09 7.471839800464738e-10 7.47183980046473e-11 7.004849812935677e-12 6.180749834943268e-13 5.150624862452716e-14 4.066282786146887e-15 3.0497120896101756e-16 2.178365778292974e-17 1.4852493942906524e-18 9.686409093199935e-20 6.05400568325e-21 1.1102230246251565e-16
0.2584789094739672 0.3497067598765438 0.23656633756354437 0.10668677968551996 0.036085234305396445 0.009764239870871987 0.0022017403630397604 0.0004255464567219704 7.196741547503903e-05 1.0818631084482991e-05 1.463697146724169e-06 1.8002692178960348e-07 2.0297152946867154e-08 2.1123733836106115e-09 2.0413692362623496e-10 1.8412349974130938e-11 1.5569266522243078e-12 1.2390765744345722e-13 9.313320657514792e-15 6.631776319592548e-16 4.486201627959687e-17 2.890269956388587e-18 1.7774387432336114e-19 1.045552201902129e-20 5.894044275428675e-22 0.0
0.29457482831010734 0.3600359012679091 0.22002193966372222 0.0896385680111461 0.02738956244785019 0.006695226376141159 0.0013638424099546805 0.0002381312144365316 3.6381157761136805e-05 4.9406510539815445e-06 6.038573510421879e-07 6.709526122690984e-08 6.833776606444532e-09 6.424918176999132e-10 5.609055551348425e-11 4.570341560357987e-12 3.4912331363845707e-13 2.5100368954398884e-14 1.7043460401135144e-15 1.096362949780621e-16 6.699995804214907e-18 3.899468457479575e-19 2.1663713652664214e-20 1.151211836615006e-21 5.862652871650514e-23 0.0
1 2
0.22313016014842987 0.33469524022264474 0.25102143016698353 0.12551071508349176 0.04706651815630939 0.014119955446892818 0.003529988861723204 0.0007564261846549717 0.00014182990962280706 2.3638318270467896e-05 3.5457477405701783e-06 4.835110555322967e-07 6.043888194153728e-08 6.973717147100454e-09 7.471839800464738e-10 7.47183980046473e-11 7.004849812935677e-12 6.180749834943268e-13 5.150624862452716e-14 4.066282786146887e-15 3.0497120896101756e-16 2.178365778292974e-17 1.4852493942906524e-18 9.686409093199935e-20 6.05400568325e-21 1.1102230246251565e-16
0.2584789094739672 0.3497067598765438 0.23656633756354437 0.10668677968551996 0.036085234305396445 0.009764239870871987 0.0022017403630397604 0.0004255464567219704 7.196741547503903e-05 1.0818631084482991e-05 1.463697146724169e-06 1.8002692178960348e-07 2.0297152946867154e-08 2.1123733836106115e-09 2.0413692362623496e-10 1.8412349974130938e-11 1.5569266522243078e-12 1.2390765744345722e-13 9.313320657514792e-15 6.631776319592548e-16 4.486201627959687e-17 2.890269956388587e-18 1.7774387432336114e-19 1.045552201902129e-20 5.894044275428675e-22 0.0
0.29457482831010734 0.3600359012679091 0.22002193966372222 0.0896385680111461 0.02738956244785019 0.006695226376141159 0.0013638424099546805 0.0002381312144365316 3.6381157761136805e-05 4.9406510539815445e-06 6.038573510421879e-07 6.709526122690984e-08 6.833776606444532e-09 6.424918176999132e-10 5.609055551348425e-11 4.570341560357987e-12 3.4912331363845707e-13 2.5100368954398884e-14 1.7043460401135144e-15 1.096362949780621e-16 6.699995804214907e-18 3.899468457479575e-19 2.1663713652664214e-20 1.151211836615006e-21 5.862652871650514e-23 0.0
1 3
0.22313016014842987 0.33469524022264474 0.25102143016698353 0.12551071508349176 0.04706651815630939 0.014119955446892818 0.003529988861723204 0.0007564261846549717 0.00014182990962280706 2.3638318270467896e-05 3.5457477405701783e-06 4.835110555322967e-07 6.043888194153728e-08 6.973717147100454e-09 7.471839800464738e-10 7.47183980046473e-11 7.004849812935677e-12 6.180749834943268e-13 5.150624862452716e-14 4.066282786146887e-15 3.0497120896101756e-16 2.178365778292974e-17 1.4852493942906524e-18 9.686409093199935e-20 6.05400568325e-21 1.1102230246251565e-16
0.2584789094739672 0.3497067598765438 0.23656633756354437 0.10668677968551996 0.036085234305396445 0.009764239870871987 0.0022017403630397604 0.0004255464567219704 7.196741547503903e-05 1.0818631084482991e-05 1.463697146724169e-06 1.8002692178960348e-07 2.0297152946867154e-08 2.1123733836106115e-09 2.0413692362623496e-10 1.8412349974130938e-11 1.5569266522243078e-12 1.2390765744345722e-13 9.313320657514792e-15 6.631776319592548e-16 4.486201627959687e-17 2.890269956388587e-18 1.7774387432336114e-19 1.045552201902129e-20 5.894044275428675e-22 0.0
0.29457482831010734 0.3600359012679091 0.22002193966372222 0.0896385680111461 0.02738956244785019 0.006695226376141159 0.0013638424099546805 0.0002381312144365316 3.6381157761136805e-05 4.9406510539815445e-06 6.038573510421879e-07 6.709526122690984e-08 6.833776606444532e-09 6.424918176999132e-10 5.609055551348425e-11 4.570341560357987e-12 3.4912331363845707e-13 2.5100368954398884e-14 1.7043460401135144e-15 1.096362949780621e-16 6.699995804214907e-18 3.899468457479575e-19 2.1663713652664214e-20 1.151211836615006e-21 5.862652871650514e-23 0.0
1 4
0.22313016014842987 0.33469524022264474 0.25102143016698353 0.12551071508349176 0.04706651815630939 0.014119955446892818 0.003529988861723204 0.0007564261846549717 0.00014182990962280706 2.3638318270467896e-05 3.5457477405701783e-06 4.835110555322967e-07 6.043888194153728e-08 6.973717147100454e-09 7.471839800464738e-10 7.47183980046473e-11 7.004849812935677e-12 6.180749834943268e-13 5.150624862452716e-14 4.066282786146887e-15 3.0497120896101756e-16 2.178365778292974e-17 1.4852493942906524e-18 9.686409093199935e-20 6.05400568325e-21 1.1102230246251565e-16
0.2584789094739672 0.3497067598765438 0.23656633756354437 0.10668677968551996 0.036085234305396445 0.009764239870871987 0.0022017403630397604 0.0004255464567219704 7.196741547503903e-05 1.0818631084482991e-05 1.463697146724169e-06 1.8002692178960348e-07 2.0297152946867154e-08 2.1123733836106115e-09 2.0413692362623496e-10 1.8412349974130938e-11 1.5569266522243078e-12 1.2390765744345722e-13 9.313320657514792e-15 6.631776319592548e-16 4.486201627959687e-17 2.890269956388587e-18 1.7774387432336114e-19 1.045552201902129e-20 5.894044275428675e-22 0.0
0.29457482831010734 0.3600359012679091 0.22002193966372222 0.0896385680111461 0.02738956244785019 0.006695226376141159 0.0013638424099546805 0.0002381312144365316 3.6381157761136805e-05 4.9406510539815445e-06 6.038573510421879e-07 6.709526122690984e-08 6.833776606444532e-09 6.424918176999132e-10 5.609055551348425e-11 4.570341560357987e-12 3.4912331363845707e-13 2.5100368954398884e-14 1.7043460401135144e-15 1.096362949780621e-16 6.699995804214907e-18 3.899468457479575e-19 2.1663713652664214e-20 1.151211836615006e-21 5.862652871650514e-23 0.0
1 5
0.22313016014842987 0.33469524022264474 0.25102143016698353 0.12551071508349176 0.04706651815630939 0.014119955446892818 0.003529988861723204 0.0007564261846549717 0.00014182990962280706 2.3638318270467896e-05 3.5457477405701783e-06 4.835110555322967e-07 6.043888194153728e-08 6.973717147100454e-09 7.471839800464738e-10 7.47183980046473e-11 7.004849812935677e-12 6.180749834943268e-13 5.150624862452716e-14 4.066282786146887e-15 3.0497120896101756e-16 2.178365778292974e-17 1.4852493942906524e-18 9.686409093199935e-20 6.05400568325e-21 1.1102230246251565e-16
0.2584789094739672 0.3497067598765438 0.23656633756354437 0.10668677968551996 0.036085234305396445 0.009764239870871987 0.0022017403630397604 0.0004255464567219704 7.196741547503903e-05 1.0818631084482991e-05 1.463697146724169e-06 1.8002692178960348e-07 2.0297152946867154e-08 2.1123733836106115e-09 2.0413692362623496e-10 1.8412349974130938e-11 1.5569266522243078e-12 1.2390765744345722e-13 9.313320657514792e-15 6.631776319592548e-16 4.486201627959687e-17 2.890269956388587e-18 1.7774387432336114e-19 1.045552201902129e-20 5.894044275428675e-22 0.0
0.29457482831010734 0.3600359012679091 0.22002193966372222 0.0896385680111461 0.02738956244785019 0.006695226376141159 0.0013638424099546805 0.0002381312144365316 3.6381157761136805e-05 4.9406510539815445e-06 6.038573510421879e-07 6.709526122690984e-08 6.833776606444532e-09 6.424918176999132e-10 5.609055551348425e-11 4.570341560357987e-12 3.4912331363845707e-13 2.5100368954398884e-14 1.7043460401135144e-15 1.096362949780621e-16 6.699995804214907e-18 3.899468457479575e-19 2.1663713652664214e-20 1.151211836615006e-21 5.862652871650514e-23 0.0
2 1
0.22313016014842987 0.33469524022264474 0.25102143016698353 0.12551071508349176 0.04706651815630939 0.014119955446892818 0.003529988861723204 0.0007564261846549717 0.00014182990962280706 2.3638318270467896e-05 3.5457477405701783e-06 4.835110555322967e-07 6.043888194153728e-08 6.973717147100454e-09 7.471839800464738e-10 7.47183980046473e-11 7.004849812935677e-12 6.180749834943268e-13 5.150624862452716e-14 4.066282786146887e-15 3.0497120896101756e-16 2.178365778292974e-17 1.4852493942906524e-18 9.686409093199935e-20 6.05400568325e-21 1.1102230246251565e-16
0.2584789094739672 0.3497067598765438 0.23656633756354437 0.10668677968551996 0.036085234305396445 0.009764239870871987 0.0022017403630397604 0.0004255464567219704 7.196741547503903e-05 1.0818631084482991e-05 1.463697146724169e-06 1.8002692178960348e-07 2.0297152946867154e-08 2.1123733836106115e-09 2.0413692362623496e-10 1.8412349974130938e-11 1.5569266522243078e-12 1.2390765744345722e-13 9.313320657514792e-15 6.631776319592548e-16 4.486201627959687e-17 2.890269956388587e-18 1.7774387432336114e-19 1.045552201902129e-20 5.894044275428675e-22 0.0
0.29457482831010734 0.3600359012679091 0.22002193966372222 0.0896385680111461 0.02738956244785019 0.006695226376141159 0.0013638424099546805 0.0002381312144365316 3.6381157761136805e-05 4.9406510539815445e-06 6.038573510421879e-07 6.709526122690984e-08 6.833776606444532e-09 6.424918176999132e-10 5.609055551348425e-11 4.570341560357987e-12 3.4912331363845707e-13 2.5100368954398884e-14 1.7043460401135144e-15 1.096362949780621e-16 6.699995804214907e-18 3.899468457479575e-19 2.1663713652664214e-20 1.151211836615006e-21 5.862652871650514e-23 0.0
2 2
0.22313016014842987 0.33469524022264474 0.25102143016698353 0.12551071508349176 0.04706651815630939 0.014119955446892818 0.003529988861723204 0.0007564261846549717 0.00014182990962280706 2.3638318270467896e-05 3.5457477405701783e-06 4.835110555322967e-07 6.043888194153728e-08 6.973717147100454e-09 7.471839800464738e-10 7.47183980046473e-11 7.004849812935677e-12 6.180749834943268e-13 5.150624862452716e-14 4.066282786146887e-15 3.0497120896101756e-16 2.178365778292974e-17 1.4852493942906524e-18 9.686409093199935e-20 6.05400568325e-21 1.1102230246251565e-16
0.2584789094739672 0.3497067598765438 0.23656633756354437 0.10668677968551996 0.036085234305396445 0.009764239870871987 0.0022017403630397604 0.0004255464567219704 7.196741547503903e-05 1.0818631084482991e-05 1.463697146724169e-06 1.8002692178960348e-07 2.0297152946867154e-08 2.1123733836106115e-09 2.0413692362623496e-10 1.8412349974130938e-11 1.5569266522243078e-12 1.2390765744345722e-13 9.313320657514792e-15 6.631776319592548e-16 4.486201627959687e-17 2.890269956388587e-18 1.7774387432336114e-19 1.045552201902129e-20 5.894044275428675e-22 0.0
0.29457482831010734 0.3600359012679091 0.22002193966372222 0.0896385680111461 0.02738956244785019 0.006695226376141159 0.0013638424099546805 0.0002381312144365316 3.6381157761136805e-05 4.9406510539815445e-06 6.038573510421879e-07 6.709526122690984e-08 6.833776606444532e-09 6.424918176999132e-10 5.609055551348425e-11 4.570341560357987e-12 3.4912331363845707e-13 2.5100368954398884e-14 1.7043460401135144e-15 1.096362949780621e-16 6.699995804214907e-18 3.899468457479575e-19 2.1663713652664214e-20 1.151211836615006e-21 5.862652871650514e-23 0.0
2 3
0.22313016014842987 0.33469524022264474 0.25102143016698353 0.12551071508349176 0.04706651815630939 0.014119955446892818 0.003529988861723204 0.0007564261846549717 0.00014182990962280706 2.3638318270467896e-05 3.5457477405701783e-06 4.835110555322967e-07 6.043888194153728e-08 6.973717147100454e-09 7.471839800464738e-10 7.47183980046473e-11 7.004849812935677e-12 6.180749834943268e-13 5.150624862452716e-14 4.066282786146887e-15 3.0497120896101756e-16 2.178365778292974e-17 1.4852493942906524e-18 9.686409093199935e-20 6.05400568325e-21 1.1102230246251565e-16
0.2584789094739672 0.3497067598765438 0.23656633756354437 0.10668677968551996 0.036085234305396445 0.009764239870871987 0.0022017403630397604 0.0004255464567219704 7.196741547503903e-05 1.0818631084482991e-05 1.463697146724169e-06 1.8002692178960348e-07 2.0297152946867154e-08 2.1123733836106115e-09 2.0413692362623496e-10 1.8412349974130938e-11 1.5569266522243078e-12 1.2390765744345722e-13 9.313320657514792e-15 6.631776319592548e-16 4.486201627959687e-17 2.890269956388587e-18 1.7774387432336114e-19 1.045552201902129e-20 5.894044275428675e-22 0.0
0.29457482831010734 0.3600359012679091 0.22002193966372222 0.0896385680111461 0.02738956244785019 0.006695226376141159 0.0013638424099546805 0.0002381312144365316 3.6381157761136805e-05 4.9406510539815445e-06 6.038573510421879e-07 6.709526122690984e-08 6.833776606444532e-09 6.424918176999132e-10 5.609055551348425e-11 4.570341560357987e-12 3.4912331363845707e-13 2.5100368954398884e-14 1.7043460401135144e-15 1.096362949780621e-16 6.699995804214907e-18 3.899468457479575e-19 2.1663713652664214e-20 1.151211836615006e-21 5.862652871650514e-23 0.0
2 4
0.22313016014842987 0.33469524022264474 0.25102143016698353 0.12551071508349176 0.04706651815630939 0.014119955446892818 0.003529988861723204 0.0007564261846549717 0.00014182990962280706 2.3638318270467896e-05 3.5457477405701783e-06 4.835110555322967e-07 6.043888194153728e-08 6.973717147100454e-09 7.471839800464738e-10 7.47183980046473e-11 7.004849812935677e-12 6.180749834943268e-13 5.150624862452716e-14 4.066282786146887e-15 3.0497120896101756e-16 2.178365778292974e-17 1.4852493942906524e-18 9.686409093199935e-20 6.05400568325e-21 1.1102230246251565e-16
0.2584789094739672 0.3497067598765438 0.23656633756354437 0.10668677968551996 0.036085234305396445 0.009764239870871987 0.0022017403630397604 0.0004255464567219704 7.196741547503903e-05 1.0818631084482991e-05 1.463697146724169e-06 1.8002692178960348e-07 2.0297152946867154e-08 2.1123733836106115e-09 2.0413692362623496e-10 1.8412349974130938e-11 1.5569266522243078e-12 1.2390765744345722e-13 9.313320657514792e-15 6.631776319592548e-16 4.486201627959687e-17 2.890269956388587e-18 1.7774387432336114e-19 1.045552201902129e-20 5.894044275428675e-22 0.0
0.29457482831010734 0.3600359012679091 0.22002193966372222 0.0896385680111461 0.02738956244785019 0.006695226376141159 0.0013638424099546805 0.0002381312144365316 3.6381157761136805e-05 4.9406510539815445e-06 6.038573510421879e-07 6.709526122690984e-08 6.833776606444532e-09 6.424918176999132e-10 5.609055551348425e-11 4.570341560357987e-12 3.4912331363845707e-13 2.5100368954398884e-14 1.7043460401135144e-15 1.096362949780621e-16 6.699995804214907e-18 3.899468457479575e-19 2.1663713652664214e-20 1.151211836615006e-21 5.862652871650514e-23 0.0
2 5
0.22313016014842987 0.33469524022264474 0.25102143016698353 0.12551071508349176 0.04706651815630939 0.014119955446892818 0.003529988861723204 0.0007564261846549717 0.00014182990962280706 2.3638318270467896e-05 3.5457477405701783e-06 4.835110555322967e-07 6.043888194153728e-08 6.973717147100454e-09 7.471839800464738e-10 7.47183980046473e-11 7.004849812935677e-12 6.180749834943268e-13 5.150624862452716e-14 4.066282786146887e-15 3.0497120896101756e-16 2.178365778292974e-17 1.4852493942906524e-18 9.686409093199935e-20 6.05400568325e-21 1.1102230246251565e-16
0.2584789094739672 0.3497067598765438 0.23656633756354437 0.10668677968551996 0.036085234305396445 0.009764239870871987 0.0022017403630397604 0.0004255464567219704 7.196741547503903e-05 1.0818631084482991e-05 1.463697146724169e-06 1.8002692178960348e-07 2.0297152946867154e-08 2.1123733836106115e-09 2.0413692362623496e-10 1.8412349974130938e-11 1.5569266522243078e-12 1.2390765744345722e-13 9.313320657514792e-15 6.631776319592548e-16 4.486201627959687e-17 2.890269956388587e-18 1.7774387432336114e-19 1.045552201902129e-20 5.894044275428675e-22 0.0
0.29457482831010734 0.3600359012679091 0.22002193966372222 0.0896385680111461 0.02738956244785019 0.006695226376141159 0.0013638424099546805 0.0002381312144365316 3.6381157761136805e-05 4.9406510539815445e-06 6.038573510421879e-07 6.709526122690984e-08 6.833776606444532e-09 6.424918176999132e-10 5.609055551348425e-11 4.570341560357987e-12 3.4912331363845707e-13 2.5100368954398884e-14 1.7043460401135144e-15 1.096362949780621e-16 6.699995804214907e-18 3.899468457479575e-19 2.1663713652664214e-20 1.151211836615006e-21 5.862652871650514e-23 0.0
3 1
0.22313016014842987 0.33469524022264474 0.25102143016698353 0.12551071508349176 0.04706651815630939 0.014119955446892818 0.003529988861723204 0.0007564261846549717 0.00014182990962280706 2.3638318270467896e-05 3.5457477405701783e-06 4.835110555322967e-07 6.043888194153728e-08 6.973717147100454e-09 7.471839800464738e-10 7.47183980046473e-11 7.004849812935677e-12 6.180749834943268e-13 5.150624862452716e-14 4.066282786146887e-15 3.0497120896101756e-16 2.178365778292974e-17 1.4852493942906524e-18 9.686409093199935e-20 6.05400568325e-21 1.1102230246251565e-16
0.2584789094739672 0.3497067598765438 0.23656633756354437 0.10668677968551996 0.036085234305396445 0.009764239870871987 0.0022017403630397604 0.0004255464567219704 7.196741547503903e-05 1.0818631084482991e-05 1.463697146724169e-06 1.8002692178960348e-07 2.0297152946867154e-08 2.1123733836106115e-09 2.0413692362623496e-10 1.8412349974130938e-11 1.5569266522243078e-12 1.2390765744345722e-13 9.313320657514792e-15 6.631776319592548e-16 4.486201627959687e-17 2.890269956388587e-18 1.7774387432336114e-19 1.045552201902129e-20 5.894044275428675e-22 0.0
0.29457482831010734 0.3600359012679091 0.22002193966372222 0.0896385680111461 0.02738956244785019 0.006695226376141159 0.0013638424099546805 0.0002381312144365316 3.6381157761136805e-05 4.9406510539815445e-06 6.038573510421879e-07 6.709526122690984e-08 6.833776606444532e-09 6.424918176999132e-10 5.609055551348425e-11 4.570341560357987e-12 3.4912331363845707e-13 2.5100368954398884e-14 1.7043460401135144e-15 1.096362949780621e-16 6.699995804214907e-18 3.899468457479575e-19 2.1663713652664214e-20 1.151211836615006e-21 5.862652871650514e-23 0.0
3 2
0.22313016014842987 0.33469524022264474 0.25102143016698353 0.12551071508349176 0.04706651815630939 0.014119955446892818 0.003529988861723204 0.0007564261846549717 0.00014182990962280706 2.3638318270467896e-05 3.5457477405701783e-06 4.835110555322967e-07 6.043888194153728e-08 6.973717147100454e-09 7.471839800464738e-10 7.47183980046473e-11 7.004849812935677e-12 6.180749834943268e-13 5.150624862452716e-14 4.066282786146887e-15 3.0497120896101756e-16 2.178365778292974e-17 1.4852493942906524e-18 9.686409093199935e-20 6.05400568325e-21 1.1102230246251565e-16
0.2584789094739672 0.3497067598765438 0.23656633756354437 0.10668677968551996 0.036085234305396445 0.009764239870871987 0.0022017403630397604 0.0004255464567219704 7.196741547503903e-05 1.0818631084482991e-05 1.463697146724169e-06 1.8002692178960348e-07 2.0297152946867154e-08 2.1123733836106115e-09 2.0413692362623496e-10 1.8412349974130938e-11 1.5569266522243078e-12 1.2390765744345722e-13 9.313320657514792e-15 6.631776319592548e-16 4.486201627959687e-17 2.890269956388587e-18 1.7774387432336114e-19 1.045552201902129e-20 5.894044275428675e-22 0.0
0.29457482831010734 0.3600359012679091 0.22002193966372222 0.0896385680111461 0.02738956244785019 0.006695226376141159 0.0013638424099546805 0.0002381312144365316 3.6381157761136805e-05 4.9406510539815445e-06 6.038573510421879e-07 6.709526122690984e-08 6.833776606444532e-09 6.424918176999132e-10 5.609055551348425e-11 4.570341560357987e-12 3.4912331363845707e-13 2.5100368954398884e-14 1.7043460401135144e-15 1.096362949780621e-16 6.699995804214907e-18 3.899468457479575e-19 2.1663713652664214e-20 1.151211836615006e-21 5.862652871650514e-23 0.0
3 3
0.22313016014842987 0.33469524022264474 0.25102143016698353 0.12551071508349176 0.04706651815630939 0.014119955446892818 0.003529988861723204 0.0007564261846549717 0.00014182990962280706 2.3638318270467896e-05 3.5457477405701783e-06 4.835110555322967e-07 6.043888194153728e-08 6.973717147100454e-09 7.471839800464738e-10 7.47183980046473e-11 7.004849812935677e-12 6.180749834943268e-13 5.150624862452716e-14 4.066282786146887e-15 3.0497120896101756e-16 2.178365778292974e-17 1.4852493942906524e-18 9.686409093199935e-20 6.05400568325e-21 1.1102230246251565e-16
0.2584789094739672 0.3497067598765438 0.23656633756354437 0.10668677968551996 0.036085234305396445 0.009764239870871987 0.0022017403630397604 0.0004255464567219704 7.196741547503903e-05 1.0818631084482991e-05 1.463697146724169e-06 1.8002692178960348e-07 2.0297152946867154e-08 2.1123733836106115e-09 2.0413692362623496e-10 1.8412349974130938e-11 1.5569266522243078e-12 1.2390765744345722e-13 9.313320657514792e-15 6.631776319592548e-16 4.486201627959687e-17 2.890269956388587e-18 1.7774387432336114e-19 1.045552201902129e-20 5.894044275428675e-22 0.0
0.29457482831010734 0.3600359012679091 0.22002193966372222 0.0896385680111461 0.02738956244785019 0.006695226376141159 0.0013638424099546805 0.0002381312144365316 3.6381157761136805e-05 4.9406510539815445e-06 6.038573510421879e-07 6.709526122690984e-08 6.833776606444532e-09 6.424918176999132e-10 5.609055551348425e-11 4.570341560357987e-12 3.4912331363845707e-13 2.5100368954398884e-14 1.7043460401135144e-15 1.096362949780621e-16 6.699995804214907e-18 3.899468457479575e-19 2.1663713652664214e-20 1.151211836615006e-21 5.862652871650514e-23 0.0
3 4
0.22313016014842987 0.33469524022264474 0.25102143016698353 0.12551071508349176 0.04706651815630939 0.014119955446892818 0.003529988861723204 0.0007564261846549717 0.00014182990962280706 2.3638318270467896e-05 3.5457477405701783e-06 4.835110555322967e-07 6.043888194153728e-08 6.973717147100454e-09 7.471839800464738e-10 7.47183980046473e-11 7.004849812935677e-12 6.180749834943268e-13 5.150624862452716e-14 4.066282786146887e-15 3.0497120896101756e-16 2.178365778292974e-17 1.4852493942906524e-18 9.686409093199935e-20 6.05400568325e-21 1.1102230246251565e-16
0.2584789094739672 0.3497067598765438 0.23656633756354437 0.10668677968551996 0.036085234305396445 0.009764239870871987 0.0022017403630397604 0.0004255464567219704 7.196741547503903e-05 1.0818631084482991e-05 1.463697146724169e-06 1.8002692178960348e-07 2.0297152946867154e-08 2.1123733836106115e-09 2.0413692362623496e-10 1.8412349974130938e-11 1.5569266522243078e-12 1.2390765744345722e-13 9.313320657514792e-15 6.631776319592548e-16 4.486201627959687e-17 2.890269956388587e-18 1.7774387432336114e-19 1.045552201902129e-20 5.894044275428675e-22 0.0
0.29457482831010734 0.3600359012679091 0.22002193966372222 0.0896385680111461 0.02738956244785019 0.006695226376141159 0.0013638424099546805 0.0002381312144365316 3.6381157761136805e-05 4.9406510539815445e-06 6.038573510421879e-07 6.709526122690984e-08 6.833776606444532e-09 6.424918176999132e-10 5.609055551348425e-11 4.570341560357987e-12 3.4912331363845707e-13 2.5100368954398884e-14 1.7043460401135144e-15 1.096362949780621e-16 6.699995804214907e-18 3.899468457479575e-19 2.1663713652664214e-20 1.151211836615006e-21 5.862652871650514e-23 0.0
3 5
0.22313016014842987 0.33469524022264474 0.25102143016698353 0.12551071508349176 0.04706651815630939 0.014119955446892818 0.003529988861723204 0.0007564261846549717 0.00014182990962280706 2.3638318270467896e-05 3.5457477405701783e-06 4.835110555322967e-07 6.043888194153728e-08 6.973717147100454e-09 7.471839800464738e-10 7.47183980046473e-11 7.004849812935677e-12 6.180749834943268e-13 5.150624862452716e-14 4.066282786146887e-15 3.0497120896101756e-16 2.178365778292974e-17 1.4852493942906524e-18 9.686409093199935e-20 6.05400568325e-21 1.1102230246251565e-16
0.2584789094739672 0.3497067598765438 0.23656633756354437 0.10668677968551996 0.036085234305396445 0.009764239870871987 0.0022017403630397604 0.0004255464567219704 7.196741547503903e-05 1.0818631084482991e-05 1.463697146724169e-06 1.8002692178960348e-07 2.0297152946867154e-08 2.1123733836106115e-09 2.0413692362623496e-10 1.8412349974130938e-11 1.5569266522243078e-12 1.2390765744345722e-13 9.313320657514792e-15 6.631776319592548e-16 4.486201627959687e-17 2.890269956388587e-18 1.7774387432336114e-19 1.045552201902129e-20 5.894044275428675e-22 0.0
0.29457482831010734 0.3600359012679091 0.22002193966372222 0.0896385680111461 0.02738956244785019 0.006695226376141159 0.0013638424099546805 0.0002381312144365316 3.6381157761136805e-05 4.9406510539815445e-06 6.038573510421879e-07 6.709526122690984e-08 6.833776606444532e-09 6.424918176999132e-10 5.609055551348425e-11 4.570341560357987e-12 3.4912331363845707e-13 2.5100368954398884e-14 1.7043460401135144e-15 1.096362949780621e-16 6.699995804214907e-18 3.899468457479575e-19 2.1663713652664214e-20 1.151211836615006e-21 5.862652871650514e-23 0.0
4 1
0.22313016014842987 0.33469524022264474 0.25102143016698353 0.12551071508349176 0.04706651815630939 0.014119955446892818 0.003529988861723204 0.0007564261846549717 0.00014182990962280706 2.3638318270467896e-05 3.5457477405701783e-06 4.835110555322967e-07 6.043888194153728e-08 6.973717147100454e-09 7.471839800464738e-10 7.47183980046473e-11 7.004849812935677e-12 6.180749834943268e-13 5.150624862452716e-14 4.066282786146887e-15 3.0497120896101756e-16 2.178365778292974e-17 1.4852493942906524e-18 9.686409093199935e-20 6.05400568325e-21 1.1102230246251565e-16
0.2584789094739672 0.3497067598765438 0.23656633756354437 0.10668677968551996 0.036085234305396445 0.009764239870871987 0.0022017403630397604 0.0004255464567219704 7.196741547503903e-05 1.0818631084482991e-05 1.463697146724169e-06 1.8002692178960348e-07 2.0297152946867154e-08 2.1123733836106115e-09 2.0413692362623496e-10 1.8412349974130938e-11 1.5569266522243078e-12 1.2390765744345722e-13 9.313320657514792e-15 6.631776319592548e-16 4.486201627959687e-17 2.890269956388587e-18 1.7774387432336114e-19 1.045552201902129e-20 5.894044275428675e-22 0.0
0.29457482831010734 0.3600359012679091 0.22002193966372222 0.0896385680111461 0.02738956244785019 0.006695226376141159 0.0013638424099546805 0.0002381312144365316 3.6381157761136805e-05 4.9406510539815445e-06 6.038573510421879e-07 6.709526122690984e-08 6.833776606444532e-09 6.424918176999132e-10 5.609055551348425e-11 4.570341560357987e-12 3.4912331363845707e-13 2.5100368954398884e-14 1.7043460401135144e-15 1.096362949780621e-16 6.699995804214907e-18 3.899468457479575e-19 2.1663713652664214e-20 1.151211836615006e-21 5.862652871650514e-23 0.0
4 2
0.22313016014842987 0.33469524022264474 0.25102143016698353 0.12551071508349176 0.04706651815630939 0.014119955446892818 0.003529988861723204 0.0007564261846549717 0.00014182990962280706 2.3638318270467896e-05 3.5457477405701783e-06 4.835110555322967e-07 6.043888194153728e-08 6.973717147100454e-09 7.471839800464738e-10 7.47183980046473e-11 7.004849812935677e-12 6.180749834943268e-13 5.150624862452716e-14 4.066282786146887e-15 3.0497120896101756e-16 2.178365778292974e-17 1.4852493942906524e-18 9.686409093199935e-20 6.05400568325e-21 1.1102230246251565e-16
0.2584789094739672 0.3497067598765438 0.23656633756354437 0.10668677968551996 0.036085234305396445 0.009764239870871987 0.0022017403630397604 0.0004255464567219704 7.196741547503903e-05 1.0818631084482991e-05 1.463697146724169e-06 1.8002692178960348e-07 2.0297152946867154e-08 2.1123733836106115e-09 2.0413692362623496e-10 1.8412349974130938e-11 1.5569266522243078e-12 1.2390765744345722e-13 9.313320657514792e-15 6.631776319592548e-16 4.486201627959687e-17 2.890269956388587e-18 1.7774387432336114e-19 1.045552201902129e-20 5.894044275428675e-22 0.0
0.29457482831010734 0.3600359012679091 0.22002193966372222 0.0896385680111461 0.02738956244785019 0.006695226376141159 0.0013638424099546805 0.0002381312144365316 3.6381157761136805e-05 4.9406510539815445e-06 6.038573510421879e-07 6.709526122690984e-08 6.833776606444532e-09 6.424918176999132e-10 5.609055551348425e-11 4.570341560357987e-12 3.4912331363845707e-13 2.5100368954398884e-14 1.7043460401135144e-15 1.096362949780621e-16 6.699995804214907e-18 3.899468457479575e-19 2.1663713652664214e-20 1.151211836615006e-21 5.862652871650514e-23 0.0
4 3
0.22313016014842987 0.33469524022264474 0.25102143016698353 0.12551071508349176 0.04706651815630939 0.014119955446892818 0.003529988861723204 0.0007564261846549717 0.00014182990962280706 2.3638318270467896e-05 3.5457477405701783e-06 4.835110555322967e-07 6.043888194153728e-08 6.973717147100454e-09 7.471839800464738e-10 7.47183980046473e-11 7.004849812935677e-12 6.180749834943268e-13 5.150624862452716e-14 4.066282786146887e-15 3.0497120896101756e-16 2.178365778292974e-17 1.4852493942906524e-18 9.686409093199935e-20 6.05400568325e-21 1.1102230246251565e-16
0.2584789094739672 0.3497067598765438 0.23656633756354437 0.10668677968551996 0.036085234305396445 0.009764239870871987 0.0022017403630397604 0.0004255464567219704 7.196741547503903e-05 1.0818631084482991e-05 1.463697146724169e-06 1.8002692178960348e-07 2.0297152946867154e-08 2.1123733836106115e-09 2.0413692362623496e-10 1.8412349974130938e-11 1.5569266522243078e-12 1.2390765744345722e-13 9.313320657514792e-15 6.631776319592548e-16 4.486201627959687e-17 2.890269956388587e-18 1.7774387432336114e-19 1.045552201902129e-20 5.894044275428675e-22 0.0
0.29457482831010734 0.3600359012679091 0.22002193966372222 0.0896385680111461 0.02738956244785019 0.006695226376141159 0.0013638424099546805 0.0002381312144365316 3.6381157761136805e-05 4.9406510539815445e-06 6.038573510421879e-07 6.709526122690984e-08 6.833776606444532e-09 6.424918176999132e-10 5.609055551348425e-11 4.570341560357987e-12 3.4912331363845707e-13 2.5100368954398884e-14 1.7043460401135144e-15 1.096362949780621e-16 6.699995804214907e-18 3.899468457479575e-19 2.1663713652664214e-20 1.151211836615006e-21 5.862652871650514e-23 0.0
4 4
0.22313016014842987 0.33469524022264474 0.25102143016698353 0.12551071508349176 0.04706651815630939 0.014119955446892818 0.003529988861723204 0.0007564261846549717 0.00014182990962280706 2.3638318270467896e-05 3.5457477405701783e-06 4.835110555322967e-07 6.043888194153728e-08 6.973717147100454e-09 7.471839800464738e-10 7.47183980046473e-11 7.004849812935677e-12 6.180749834943268e-13 5.150624862452716e-14 4.066282786146887e-15 3.0497120896101756e-16 2.178365778292974e-17 1.4852493942906524e-18 9.686409093199935e-20 6.05400568325e-21 1.1102230246251565e-16
0.2584789094739672 0.3497067598765438 0.23656633756354437 0.10668677968551996 0.036085234305396445 0.009764239870871987 0.0022017403630397604 0.0004255464567219704 7.196741547503903e-05 1.0818631084482991e-05 1.463697146724169e-06 1.8002692178960348e-07 2.0297152946867154e-08 2.1123733836106115e-09 2.0413692362623496e-10 1.8412349974130938e-11 1.5569266522243078e-12 1.2390765744345722e-13 9.313320657514792e-15 6.631776319592548e-16 4.486201627959687e-17 2.890269956388587e-18 1.7774387432336114e-19 1.045552201902129e-20 5.894044275428675e-22 0.0
0.29457482831010734 0.3600359012679091 0.22002193966372222 0.0896385680111461 0.02738956244785019 0.006695226376141159 0.0013638424099546805 0.0002381312144365316 3.6381157761136805e-05 4.9406510539815445e-06 6.038573510421879e-07 6.709526122690984e-08 6.833776606444532e-09 6.424918176999132e-10 5.609055551348425e-11 4.570341560357987e-12 3.4912331363845707e-13 2.5100368954398884e-14 1.7043460401135144e-15 1.096362949780621e-16 6.699995804214907e-18 3.899468457479575e-19 2.1663713652664214e-20 1.151211836615006e-21 5.862652871650514e-23 0.0
4 5
0.22313016014842987 0.33469524022264474 0.25102143016698353 0.12551071508349176 0.04706651815630939 0.014119955446892818 0.003529988861723204 0.0007564261846549717 0.00014182990962280706 2.3638318270467896e-05 3.5457477405701783e-06 4.835110555322967e-07 6.043888194153728e-08 6.973717147100454e-09 7.471839800464738e-10 7.47183980046473e-11 7.004849812935677e-12 6.180749834943268e-13 5.150624862452716e-14 4.066282786146887e-15 3.0497120896101756e-16 2.178365778292974e-17 1.4852493942906524e-18 9.686409093199935e-20 6.05400568325e-21 1.1102230246251565e-16
0.2584789094739672 0.3497067598765438 0.23656633756354437 0.10668677968551996 0.036085234305396445 0.009764239870871987 0.0022017403630397604 0.0004255464567219704 7.196741547503903e-05 1.0818631084482991e-05 1.463697146724169e-06 1.8002692178960348e-07 2.0297152946867154e-08 2.1123733836106115e-09 2.0413692362623496e-10 1.8412349974130938e-11 1.5569266522243078e-12 1.2390765744345722e-13 9.313320657514792e-15 6.631776319592548e-16 4.486201627959687e-17 2.890269956388587e-18 1.7774387432336114e-19 1.045552201902129e-20 5.894044275428675e-22 0.0
0.29457482831010734 0.3600359012679091 0.22002193966372222 0.0896385680111461 0.02738956244785019 0.006695226376141159 0.0013638424099546805 0.0002381312144365316 3.6381157761136805e-05 4.9406510539815445e-06 6.038573510421879e-07 6.709526122690984e-08 6.833776606444532e-09 6.424918176999132e-10 5.609055551348425e-11 4.570341560357987e-12 3.4912331363845707e-13 2.5100368954398884e-14 1.7043460401135144e-15 1.096362949780621e-16 6.699995804214907e-18 3.899468457479575e-19 2.1663713652664214e-20 1.151211836615006e-21 5.862652871650514e-23 0.0
5 1
0.22313016014842987 0.33469524022264474 0.25102143016698353 0.12551071508349176 0.04706651815630939 0.014119955446892818 0.003529988861723204 0.0007564261846549717 0.00014182990962280706 2.3638318270467896e-05 3.5457477405701783e-06 4.835110555322967e-07 6.043888194153728e-08 6.973717147100454e-09 7.471839800464738e-10 7.47183980046473e-11 7.004849812935677e-12 6.180749834943268e-13 5.150624862452716e-14 4.066282786146887e-15 3.0497120896101756e-16 2.178365778292974e-17 1.4852493942906524e-18 9.686409093199935e-20 6.05400568325e-21 1.1102230246251565e-16
0.2584789094739672 0.3497067598765438 0.23656633756354437 0.10668677968551996 0.036085234305396445 0.009764239870871987 0.0022017403630397604 0.0004255464567219704 7.196741547503903e-05 1.0818631084482991e-05 1.463697146724169e-06 1.8002692178960348e-07 2.0297152946867154e-08 2.1123733836106115e-09 2.0413692362623496e-10 1.8412349974130938e-11 1.5569266522243078e-12 1.2390765744345722e-13 9.313320657514792e-15 6.631776319592548e-16 4.486201627959687e-17 2.890269956388587e-18 1.7774387432336114e-19 1.045552201902129e-20 5.894044275428675e-22 0.0
0.29457482831010734 0.3600359012679091 0.22002193966372222 0.0896385680111461 0.02738956244785019 0.006695226376141159 0.0013638424099546805 0.0002381312144365316 3.6381157761136805e-05 4.9406510539815445e-06 6.038573510421879e-07 6.709526122690984e-08 6.833776606444532e-09 6.424918176999132e-10 5.609055551348425e-11 4.570341560357987e-12 3.4912331363845707e-13 2.5100368954398884e-14 1.7043460401135144e-15 1.096362949780621e-16 6.699995804214907e-18 3.899468457479575e-19 2.1663713652664214e-20 1.151211836615006e-21 5.862652871650514e-23 0.0
5 2
0.22313016014842987 0.33469524022264474 0.25102143016698353 0.12551071508349176 0.04706651815630939 0.014119955446892818 0.003529988861723204 0.0007564261846549717 0.00014182990962280706 2.3638318270467896e-05 3.5457477405701783e-06 4.835110555322967e-07 6.043888194153728e-08 6.973717147100454e-09 7.471839800464738e-10 7.47183980046473e-11 7.004849812935677e-12 6.180749834943268e-13 5.150624862452716e-14 4.066282786146887e-15 3.0497120896101756e-16 2.178365778292974e-17 1.4852493942906524e-18 9.686409093199935e-20 6.05400568325e-21 1.1102230246251565e-16
0.2584789094739672 0.3497067598765438 0.23656633756354437 0.10668677968551996 0.036085234305396445 0.009764239870871987 0.0022017403630397604 0.0004255464567219704 7.196741547503903e-05 1.0818631084482991e-05 1.463697146724169e-06 1.8002692178960348e-07 2.0297152946867154e-08 2.1123733836106115e-09 2.0413692362623496e-10 1.8412349974130938e-11 1.5569266522243078e-12 1.2390765744345722e-13 9.313320657514792e-15 6.631776319592548e-16 4.486201627959687e-17 2.890269956388587e-18 1.7774387432336114e-19 1.045552201902129e-20 5.894044275428675e-22 0.0
0.29457482831010734 0.3600359012679091 0.22002193966372222 0.0896385680111461 0.02738956244785019 0.006695226376141159 0.0013638424099546805 0.0002381312144365316 3.6381157761136805e-05 4.9406510539815445e-06 6.038573510421879e-07 6.709526122690984e-08 6.833776606444532e-09 6.424918176999132e-10 5.609055551348425e-11 4.570341560357987e-12 3.4912331363845707e-13 2.5100368954398884e-14 1.7043460401135144e-15 1.096362949780621e-16 6.699995804214907e-18 3.899468457479575e-19 2.1663713652664214e-20 1.151211836615006e-21 5.862652871650514e-23 0.0
5 3
0.22313016014842987 0.33469524022264474 0.25102143016698353 0.12551071508349176 0.04706651815630939 0.014119955446892818 0.003529988861723204 0.0007564261846549717 0.00014182990962280706 2.3638318270467896e-05 3.5457477405701783e-06 4.835110555322967e-07 6.043888194153728e-08 6.973717147100454e-09 7.471839800464738e-10 7.47183980046473e-11 7.004849812935677e-12 6.180749834943268e-13 5.150624862452716e-14 4.066282786146887e-15 3.0497120896101756e-16 2.178365778292974e-17 1.4852493942906524e-18 9.686409093199935e-20 6.05400568325e-21 1.1102230246251565e-16
0.2584789094739672 0.3497067598765438 0.23656633756354437 0.10668677968551996 0.036085234305396445 0.009764239870871987 0.0022017403630397604 0.0004255464567219704 7.196741547503903e-05 1.0818631084482991e-05 1.463697146724169e-06 1.8002692178960348e-07 2.0297152946867154e-08 2.1123733836106115e-09 2.0413692362623496e-10 1.8412349974130938e-11 1.5569266522243078e-12 1.2390765744345722e-13 9.313320657514792e-15 6.631776319592548e-16 4.486201627959687e-17 2.890269956388587e-18 1.7774387432336114e-19 1.045552201902129e-20 5.894044275428675e-22 0.0
0.29457482831010734 0.3600359012679091 0.22002193966372222 0.0896385680111461 0.02738956244785019 0.006695226376141159 0.0013638424099546805 0.0002381312144365316 3.6381157761136805e-05 4.9406510539815445e-06 6.038573510421879e-07 6.709526122690984e-08 6.833776606444532e-09 6.424918176999132e-10 5.609055551348425e-11 4.570341560357987e-12 3.4912331363845707e-13 2.5100368954398884e-14 1.7043460401135144e-15 1.096362949780621e-16 6.699995804214907e-18 3.899468457479575e-19 2.1663713652664214e-20 1.151211836615006e-21 5.862652871650514e-23 0.0
5 4
0.22313016014842987 0.33469524022264474 0.25102143016698353 0.12551071508349176 0.04706651815630939 0.014119955446892818 0.003529988861723204 0.0007564261846549717 0.00014182990962280706 2.3638318270467896e-05 3.5457477405701783e-06 4.835110555322967e-07 6.043888194153728e-08 6.973717147100454e-09 7.471839800464738e-10 7.47183980046473e-11 7.004849812935677e-12 6.180749834943268e-13 5.150624862452716e-14 4.066282786146887e-15 3.0497120896101756e-16 2.178365778292974e-17 1.4852493942906524e-18 9.686409093199935e-20 6.05400568325e-21 1.1102230246251565e-16
0.2584789094739672 0.3497067598765438 0.23656633756354437 0.10668677968551996 0.036085234305396445 0.009764239870871987 0.0022017403630397604 0.0004255464567219704 7.196741547503903e-05 1.0818631084482991e-05 1.463697146724169e-06 1.8002692178960348e-07 2.0297152946867154e-08 2.1123733836106115e-09 2.0413692362623496e-10 1.8412349974130938e-11 1.5569266522243078e-12 1.2390765744345722e-13 9.313320657514792e-15 6.631776319592548e-16 4.486201627959687e-17 2.890269956388587e-18 1.7774387432336114e-19 1.045552201902129e-20 5.894044275428675e-22 0.0
