10 10
0.08 0.08 0.08 0.08 0.08 0.08 0.08 0.08 0.08 0.08
0.08 0.08 0.08 0.08 0.08 0.08 0.08 0.08 0.08 0.08
0.08 0.08 0.08 0.08 0.08 0.08 0.08 0.08 0.08 0.08
0.08 0.08 0.08 0.08 0.08 0.08 0.08 0.08 0.08 0.08
0.08 0.08 0.08 0.08 0.08 0.08 0.08 0.08 0.08 0.08
0.08 0.08 0.08 0.08 0.08 0.08 0.08 0.08 0.08 0.08
0.08 0.08 0.08 0.08 0.08 0.08 0.08 0.08 0.08 0.08
0.08 0.08 0.08 0.08 0.08 0.08 0.08 0.08 0.08 0.08
0.08 0.08 0.08 0.08 0.08 0.08 0.08 0.08 0.08 0.08
0.08 0.08 0.08 0.08 0.08 0.08 0.08 0.08 0.08 0.08
5 3
25 25 25
1 1
0.7788007830714049 0.1947001957678512 0.024337524470981392 0.00202812703924845 0.00012675793995302808 6.337896997651408e-06 2.640790415688083e-07 9.43139434174315e-09 2.947310731794738e-10 8.186974254985393e-12 2.0467435637463454e-13 4.6516899176053375e-15 9.691020661677737e-17 1.863657819553418e-18 3.327960392059674e-20 5.546600653432766e-22 8.666563520988723e-24 1.2744946354395099e-25 1.7701314381104415e-27 2.3291203133032001e-29 2.9114003916290117e-31 3.4659528471774076e-33 3.9385827808833604e-35 4.281068240090624e-37 4.4594460834277654e-39 0.0
0.838223432423 0.14792178219229404 0.013051921958143576 0.0007677601151849155 3.387176978756983e-05 1.1954742277965814e-06 3.5161006699899415e-08 8.864119336109097e-10 1.955320441788771e-11 3.8339616505662167e-13 6.765814677469752e-15 1.08542481456734e-16 1.5962129625990304e-18 2.166804926605024e-20 2.7312667142080085e-22 3.213254957891757e-24 3.544031203557091e-26 3.678925124799719e-28 3.606789338038958e-30 3.349959137497533e-32 2.9558462977919068e-34 2.483904451925978e-36 1.9924367261438292e-38 1.5287238308008732e-40 1.1240616402947823e-42 1.1102230246251565e-16
0.8948393168143698 0.09942659075715217 0.005523699486508455 0.0002045814624632763 5.68281840175767e-06 1.2628485337239268e-07 2.3386083957850536e-09 3.712076818706418e-11 5.155662248203354e-13 6.3650151212387005e-15 7.072239023598557e-17 7.143675781412652e-19 6.6145146124191445e-21 5.653431292665925e-23 4.486850232274548e-25 3.3235927646478035e-27 2.3080505310054127e-29 1.5085297588270702e-31 9.311912091525195e-34 5.445562626622899e-36 3.0253125703460495e-38 1.6006944816645732e-40 8.084315563962557e-43 3.905466456020549e-45 1.8080863222317385e-47 0.0
1 2
0.7788007830714049 0.1947001957678512 0.024337524470981392 0.00202812703924845 0.00012675793995302808 6.337896997651408e-06 2.640790415688083e-07 9.43139434174315e-09 2.947310731794738e-10 8.186974254985393e-12 2.0467435637463454e-13 4.6516899176053375e-15 9.691020661677737e-17 1.863657819553418e-18 3.327960392059674e-20 5.546600653432766e-22 8.666563520988723e-24 1.2744946354395099e-25 1.7701314381104415e-27 2.3291203133032001e-29 2.9114003916290117e-31 3.4659528471774076e-33 3.9385827808833604e-35 4.281068240090624e-37 4.4594460834277654e-39 0.0
0.838223432423 0.14792178219229404 0.013051921958143576 0.0007677601151849155 3.387176978756983e-05 1.1954742277965814e-06 3.5161006699899415e-08 8.864119336109097e-10 1.955320441788771e-11 3.8339616505662167e-13 6.765814677469752e-15 1.08542481456734e-16 1.5962129625990304e-18 2.166804926605024e-20 2.7312667142080085e-22 3.213254957891757e-24 3.544031203557091e-26 3.678925124799719e-28 3.606789338038958e-30 3.349959137497533e-32 2.9558462977919068e-34 2.483904451925978e-36 1.9924367261438292e-38 1.5287238308008732e-40 1.1240616402947823e-42 1.1102230246251565e-16
0.8948393168143698 0.09942659075715217 0.005523699486508455 0.0002045814624632763 5.68281840175767e-06 1.2628485337239268e-07 2.3386083957850536e-09 3.712076818706418e-11 5.155662248203354e-13 6.3650151212387005e-15 7.072239023598557e-17 7.143675781412652e-19 6.6145146124191445e-21 5.653431292665925e-23 4.486850232274548e-25 3.3235927646478035e-27 2.3080505310054127e-29 1.5085297588270702e-31 9.311912091525195e-34 5.445562626622899e-36 3.0253125703460495e-38 1.6006944816645732e-40 8.084315563962557e-43 3.905466456020549e-45 1.8080863222317385e-47 0.0
1 3
0.7788007830714049 0.1947001957678512 0.024337524470981392 0.00202812703924845 0.00012675793995302808 6.337896997651408e-06 2.640790415688083e-07 9.43139434174315e-09 2.947310731794738e-10 8.186974254985393e-12 2.0467435637463454e-13 4.6516899176053375e-15 9.691020661677737e-17 1.863657819553418e-18 3.327960392059674e-20 5.546600653432766e-22 8.666563520988723e-24 1.2744946354395099e-25 1.7701314381104415e-27 2.3291203133032001e-29 2.9114003916290117e-31 3.4659528471774076e-33 3.9385827808833604e-35 4.281068240090624e-37 4.4594460834277654e-39 0.0
0.838223432423 0.14792178219229404 0.013051921958143576 0.0007677601151849155 3.387176978756983e-05 1.1954742277965814e-06 3.5161006699899415e-08 8.864119336109097e-10 1.955320441788771e-11 3.8339616505662167e-13 6.765814677469752e-15 1.08542481456734e-16 1.5962129625990304e-18 2.166804926605024e-20 2.7312667142080085e-22 3.213254957891757e-24 3.544031203557091e-26 3.678925124799719e-28 3.606789338038958e-30 3.349959137497533e-32 2.9558462977919068e-34 2.483904451925978e-36 1.9924367261438292e-38 1.5287238308008732e-40 1.1240616402947823e-42 1.1102230246251565e-16
0.8948393168143698 0.09942659075715217 0.005523699486508455 0.0002045814624632763 5.68281840175767e-06 1.2628485337239268e-07 2.3386083957850536e-09 3.712076818706418e-11 5.155662248203354e-13 6.3650151212387005e-15 7.072239023598557e-17 7.143675781412652e-19 6.6145146124191445e-21 5.653431292665925e-23 4.486850232274548e-25 3.3235927646478035e-27 2.3080505310054127e-29 1.5085297588270702e-31 9.311912091525195e-34 5.445562626622899e-36 3.0253125703460495e-38 1.6006944816645732e-40 8.084315563962557e-43 3.905466456020549e-45 1.8080863222317385e-47 0.0
1 4
0.7788007830714049 0.1947001957678512 0.024337524470981392 0.00202812703924845 0.00012675793995302808 6.337896997651408e-06 2.640790415688083e-07 9.43139434174315e-09 2.947310731794738e-10 8.186974254985393e-12 2.0467435637463454e-13 4.6516899176053375e-15 9.691020661677737e-17 1.863657819553418e-18 3.327960392059674e-20 5.546600653432766e-22 8.666563520988723e-24 1.2744946354395099e-25 1.7701314381104415e-27 2.3291203133032001e-29 2.9114003916290117e-31 3.4659528471774076e-33 3.9385827808833604e-35 4.281068240090624e-37 4.4594460834277654e-39 0.0
0.838223432423 0.14792178219229404 0.013051921958143576 0.0007677601151849155 3.387176978756983e-05 1.1954742277965814e-06 3.5161006699899415e-08 8.864119336109097e-10 1.955320441788771e-11 3.8339616505662167e-13 6.765814677469752e-15 1.08542481456734e-16 1.5962129625990304e-18 2.166804926605024e-20 2.7312667142080085e-22 3.213254957891757e-24 3.544031203557091e-26 3.678925124799719e-28 3.606789338038958e-30 3.349959137497533e-32 2.9558462977919068e-34 2.483904451925978e-36 1.9924367261438292e-38 1.5287238308008732e-40 1.1240616402947823e-42 1.1102230246251565e-16
0.8948393168143698 0.09942659075715217 0.005523699486508455 0.0002045814624632763 5.68281840175767e-06 1.2628485337239268e-07 2.3386083957850536e-09 3.712076818706418e-11 5.155662248203354e-13 6.3650151212387005e-15 7.072239023598557e-17 7.143675781412652e-19 6.6145146124191445e-21 5.653431292665925e-23 4.486850232274548e-25 3.3235927646478035e-27 2.3080505310054127e-29 1.5085297588270702e-31 9.311912091525195e-34 5.445562626622899e-36 3.0253125703460495e-38 1.6006944816645732e-40 8.084315563962557e-43 3.905466456020549e-45 1.8080863222317385e-47 0.0
1 5
0.7788007830714049 0.1947001957678512 0.024337524470981392 0.00202812703924845 0.00012675793995302808 6.337896997651408e-06 2.640790415688083e-07 9.43139434174315e-09 2.947310731794738e-10 8.186974254985393e-12 2.0467435637463454e-13 4.6516899176053375e-15 9.691020661677737e-17 1.863657819553418e-18 3.327960392059674e-20 5.546600653432766e-22 8.666563520988723e-24 1.2744946354395099e-25 1.7701314381104415e-27 2.3291203133032001e-29 2.9114003916290117e-31 3.4659528471774076e-33 3.9385827808833604e-35 4.281068240090624e-37 4.4594460834277654e-39 0.0
0.838223432423 0.14792178219229404 0.013051921958143576 0.0007677601151849155 3.387176978756983e-05 1.1954742277965814e-06 3.5161006699899415e-08 8.864119336109097e-10 1.955320441788771e-11 3.8339616505662167e-13 6.765814677469752e-15 1.08542481456734e-16 1.5962129625990304e-18 2.166804926605024e-20 2.7312667142080085e-22 3.213254957891757e-24 3.544031203557091e-26 3.678925124799719e-28 3.606789338038958e-30 3.349959137497533e-32 2.9558462977919068e-34 2.483904451925978e-36 1.9924367261438292e-38 1.5287238308008732e-40 1.1240616402947823e-42 1.1102230246251565e-16
0.8948393168143698 0.09942659075715217 0.005523699486508455 0.0002045814624632763 5.68281840175767e-06 1.2628485337239268e-07 2.3386083957850536e-09 3.712076818706418e-11 5.155662248203354e-13 6.3650151212387005e-15 7.072239023598557e-17 7.143675781412652e-19 6.6145146124191445e-21 5.653431292665925e-23 4.486850232274548e-25 3.3235927646478035e-27 2.3080505310054127e-29 1.5085297588270702e-31 9.311912091525195e-34 5.445562626622899e-36 3.0253125703460495e-38 1.6006944816645732e-40 8.084315563962557e-43 3.905466456020549e-45 1.8080863222317385e-47 0.0
2 1
0.7788007830714049 0.1947001957678512 0.024337524470981392 0.00202812703924845 0.00012675793995302808 6.337896997651408e-06 2.640790415688083e-07 9.43139434174315e-09 2.947310731794738e-10 8.186974254985393e-12 2.0467435637463454e-13 4.6516899176053375e-15 9.691020661677737e-17 1.863657819553418e-18 3.327960392059674e-20 5.546600653432766e-22 8.666563520988723e-24 1.2744946354395099e-25 1.7701314381104415e-27 2.3291203133032001e-29 2.9114003916290117e-31 3.4659528471774076e-33 3.9385827808833604e-35 4.281068240090624e-37 4.4594460834277654e-39 0.0
0.838223432423 0.14792178219229404 0.013051921958143576 0.0007677601151849155 3.387176978756983e-05 1.1954742277965814e-06 3.5161006699899415e-08 8.864119336109097e-10 1.955320441788771e-11 3.8339616505662167e-13 6.765814677469752e-15 1.08542481456734e-16 1.5962129625990304e-18 2.166804926605024e-20 2.7312667142080085e-22 3.213254957891757e-24 3.544031203557091e-26 3.678925124799719e-28 3.606789338038958e-30 3.349959137497533e-32 2.9558462977919068e-34 2.483904451925978e-36 1.9924367261438292e-38 1.5287238308008732e-40 1.1240616402947823e-42 1.1102230246251565e-16
0.8948393168143698 0.09942659075715217 0.005523699486508455 0.0002045814624632763 5.68281840175767e-06 1.2628485337239268e-07 2.3386083957850536e-09 3.712076818706418e-11 5.155662248203354e-13 6.3650151212387005e-15 7.072239023598557e-17 7.143675781412652e-19 6.6145146124191445e-21 5.653431292665925e-23 4.486850232274548e-25 3.3235927646478035e-27 2.3080505310054127e-29 1.5085297588270702e-31 9.311912091525195e-34 5.445562626622899e-36 3.0253125703460495e-38 1.6006944816645732e-40 8.084315563962557e-43 3.905466456020549e-45 1.8080863222317385e-47 0.0
2 2
0.7788007830714049 0.1947001957678512 0.024337524470981392 0.00202812703924845 0.00012675793995302808 6.337896997651408e-06 2.640790415688083e-07 9.43139434174315e-09 2.947310731794738e-10 8.186974254985393e-12 2.0467435637463454e-13 4.6516899176053375e-15 9.691020661677737e-17 1.863657819553418e-18 3.327960392059674e-20 5.546600653432766e-22 8.666563520988723e-24 1.2744946354395099e-25 1.7701314381104415e-27 2.3291203133032001e-29 2.9114003916290117e-31 3.4659528471774076e-33 3.9385827808833604e-35 4.281068240090624e-37 4.4594460834277654e-39 0.0
0.838223432423 0.14792178219229404 0.013051921958143576 0.0007677601151849155 3.387176978756983e-05 1.1954742277965814e-06 3.5161006699899415e-08 8.864119336109097e-10 1.955320441788771e-11 3.8339616505662167e-13 6.765814677469752e-15 1.08542481456734e-16 1.5962129625990304e-18 2.166804926605024e-20 2.7312667142080085e-22 3.213254957891757e-24 3.544031203557091e-26 3.678925124799719e-28 3.606789338038958e-30 3.349959137497533e-32 2.9558462977919068e-34 2.483904451925978e-36 1.9924367261438292e-38 1.5287238308008732e-40 1.1240616402947823e-42 1.1102230246251565e-16
0.8948393168143698 0.09942659075715217 0.005523699486508455 0.0002045814624632763 5.68281840175767e-06 1.2628485337239268e-07 2.3386083957850536e-09 3.712076818706418e-11 5.155662248203354e-13 6.3650151212387005e-15 7.072239023598557e-17 7.143675781412652e-19 6.6145146124191445e-21 5.653431292665925e-23 4.486850232274548e-25 3.3235927646478035e-27 2.3080505310054127e-29 1.5085297588270702e-31 9.311912091525195e-34 5.445562626622899e-36 3.0253125703460495e-38 1.6006944816645732e-40 8.084315563962557e-43 3.905466456020549e-45 1.8080863222317385e-47 0.0
2 3
0.7788007830714049 0.1947001957678512 0.024337524470981392 0.00202812703924845 0.00012675793995302808 6.337896997651408e-06 2.640790415688083e-07 9.43139434174315e-09 2.947310731794738e-10 8.186974254985393e-12 2.0467435637463454e-13 4.6516899176053375e-15 9.691020661677737e-17 1.863657819553418e-18 3.327960392059674e-20 5.546600653432766e-22 8.666563520988723e-24 1.2744946354395099e-25 1.7701314381104415e-27 2.3291203133032001e-29 2.9114003916290117e-31 3.4659528471774076e-33 3.9385827808833604e-35 4.281068240090624e-37 4.4594460834277654e-39 0.0
0.838223432423 0.14792178219229404 0.013051921958143576 0.0007677601151849155 3.387176978756983e-05 1.1954742277965814e-06 3.5161006699899415e-08 8.864119336109097e-10 1.955320441788771e-11 3.8339616505662167e-13 6.765814677469752e-15 1.08542481456734e-16 1.5962129625990304e-18 2.166804926605024e-20 2.7312667142080085e-22 3.213254957891757e-24 3.544031203557091e-26 3.678925124799719e-28 3.606789338038958e-30 3.349959137497533e-32 2.9558462977919068e-34 2.483904451925978e-36 1.9924367261438292e-38 1.5287238308008732e-40 1.1240616402947823e-42 1.1102230246251565e-16
0.8948393168143698 0.09942659075715217 0.005523699486508455 0.0002045814624632763 5.68281840175767e-06 1.2628485337239268e-07 2.3386083957850536e-09 3.712076818706418e-11 5.155662248203354e-13 6.3650151212387005e-15 7.072239023598557e-17 7.143675781412652e-19 6.6145146124191445e-21 5.653431292665925e-23 4.486850232274548e-25 3.3235927646478035e-27 2.3080505310054127e-29 1.5085297588270702e-31 9.311912091525195e-34 5.445562626622899e-36 3.0253125703460495e-38 1.6006944816645732e-40 8.084315563962557e-43 3.905466456020549e-45 1.8080863222317385e-47 0.0
2 4
0.7788007830714049 0.1947001957678512 0.024337524470981392 0.00202812703924845 0.00012675793995302808 6.337896997651408e-06 2.640790415688083e-07 9.43139434174315e-09 2.947310731794738e-10 8.186974254985393e-12 2.0467435637463454e-13 4.6516899176053375e-15 9.691020661677737e-17 1.863657819553418e-18 3.327960392059674e-20 5.546600653432766e-22 8.666563520988723e-24 1.2744946354395099e-25 1.7701314381104415e-27 2.3291203133032001e-29 2.9114003916290117e-31 3.4659528471774076e-33 3.9385827808833604e-35 4.281068240090624e-37 4.4594460834277654e-39 0.0
0.838223432423 0.14792178219229404 0.013051921958143576 0.0007677601151849155 3.387176978756983e-05 1.1954742277965814e-06 3.5161006699899415e-08 8.864119336109097e-10 1.955320441788771e-11 3.8339616505662167e-13 6.765814677469752e-15 1.08542481456734e-16 1.5962129625990304e-18 2.166804926605024e-20 2.7312667142080085e-22 3.213254957891757e-24 3.544031203557091e-26 3.678925124799719e-28 3.606789338038958e-30 3.349959137497533e-32 2.9558462977919068e-34 2.483904451925978e-36 1.9924367261438292e-38 1.5287238308008732e-40 1.1240616402947823e-42 1.1102230246251565e-16
0.8948393168143698 0.09942659075715217 0.005523699486508455 0.0002045814624632763 5.68281840175767e-06 1.2628485337239268e-07 2.3386083957850536e-09 3.712076818706418e-11 5.155662248203354e-13 6.3650151212387005e-15 7.072239023598557e-17 7.143675781412652e-19 6.6145146124191445e-21 5.653431292665925e-23 4.486850232274548e-25 3.3235927646478035e-27 2.3080505310054127e-29 1.5085297588270702e-31 9.311912091525195e-34 5.445562626622899e-36 3.0253125703460495e-38 1.6006944816645732e-40 8.084315563962557e-43 3.905466456020549e-45 1.8080863222317385e-47 0.0
2 5
0.7788007830714049 0.1947001957678512 0.024337524470981392 0.00202812703924845 0.00012675793995302808 6.337896997651408e-06 2.640790415688083e-07 9.43139434174315e-09 2.947310731794738e-10 8.186974254985393e-12 2.0467435637463454e-13 4.6516899176053375e-15 9.691020661677737e-17 1.863657819553418e-18 3.327960392059674e-20 5.546600653432766e-22 8.666563520988723e-24 1.2744946354395099e-25 1.7701314381104415e-27 2.3291203133032001e-29 2.9114003916290117e-31 3.4659528471774076e-33 3.9385827808833604e-35 4.281068240090624e-37 4.4594460834277654e-39 0.0
0.838223432423 0.14792178219229404 0.013051921958143576 0.0007677601151849155 3.387176978756983e-05 1.1954742277965814e-06 3.5161006699899415e-08 8.864119336109097e-10 1.955320441788771e-11 3.8339616505662167e-13 6.765814677469752e-15 1.08542481456734e-16 1.5962129625990304e-18 2.166804926605024e-20 2.7312667142080085e-22 3.213254957891757e-24 3.544031203557091e-26 3.678925124799719e-28 3.606789338038958e-30 3.349959137497533e-32 2.9558462977919068e-34 2.483904451925978e-36 1.9924367261438292e-38 1.5287238308008732e-40 1.1240616402947823e-42 1.1102230246251565e-16
0.8948393168143698 0.09942659075715217 0.005523699486508455 0.0002045814624632763 5.68281840175767e-06 1.2628485337239268e-07 2.3386083957850536e-09 3.712076818706418e-11 5.155662248203354e-13 6.3650151212387005e-15 7.072239023598557e-17 7.143675781412652e-19 6.6145146124191445e-21 5.653431292665925e-23 4.486850232274548e-25 3.3235927646478035e-27 2.3080505310054127e-29 1.5085297588270702e-31 9.311912091525195e-34 5.445562626622899e-36 3.0253125703460495e-38 1.6006944816645732e-40 8.084315563962557e-43 3.905466456020549e-45 1.8080863222317385e-47 0.0
3 1
0.7788007830714049 0.1947001957678512 0.024337524470981392 0.00202812703924845 0.00012675793995302808 6.337896997651408e-06 2.640790415688083e-07 9.43139434174315e-09 2.947310731794738e-10 8.186974254985393e-12 2.0467435637463454e-13 4.6516899176053375e-15 9.691020661677737e-17 1.863657819553418e-18 3.327960392059674e-20 5.546600653432766e-22 8.666563520988723e-24 1.2744946354395099e-25 1.7701314381104415e-27 2.3291203133032001e-29 2.9114003916290117e-31 3.4659528471774076e-33 3.9385827808833604e-35 4.281068240090624e-37 4.4594460834277654e-39 0.0
0.838223432423 0.14792178219229404 0.013051921958143576 0.0007677601151849155 3.387176978756983e-05 1.1954742277965814e-06 3.5161006699899415e-08 8.864119336109097e-10 1.955320441788771e-11 3.8339616505662167e-13 6.765814677469752e-15 1.08542481456734e-16 1.5962129625990304e-18 2.166804926605024e-20 2.7312667142080085e-22 3.213254957891757e-24 3.544031203557091e-26 3.678925124799719e-28 3.606789338038958e-30 3.349959137497533e-32 2.9558462977919068e-34 2.483904451925978e-36 1.9924367261438292e-38 1.5287238308008732e-40 1.1240616402947823e-42 1.1102230246251565e-16
0.8948393168143698 0.09942659075715217 0.005523699486508455 0.0002045814624632763 5.68281840175767e-06 1.2628485337239268e-07 2.3386083957850536e-09 3.712076818706418e-11 5.155662248203354e-13 6.3650151212387005e-15 7.072239023598557e-17 7.143675781412652e-19 6.6145146124191445e-21 5.653431292665925e-23 4.486850232274548e-25 3.3235927646478035e-27 2.3080505310054127e-29 1.5085297588270702e-31 9.311912091525195e-34 5.445562626622899e-36 3.0253125703460495e-38 1.6006944816645732e-40 8.084315563962557e-43 3.905466456020549e-45 1.8080863222317385e-47 0.0
3 2
0.7788007830714049 0.1947001957678512 0.024337524470981392 0.00202812703924845 0.00012675793995302808 6.337896997651408e-06 2.640790415688083e-07 9.43139434174315e-09 2.947310731794738e-10 8.186974254985393e-12 2.0467435637463454e-13 4.6516899176053375e-15 9.691020661677737e-17 1.863657819553418e-18 3.327960392059674e-20 5.546600653432766e-22 8.666563520988723e-24 1.2744946354395099e-25 1.7701314381104415e-27 2.3291203133032001e-29 2.9114003916290117e-31 3.4659528471774076e-33 3.9385827808833604e-35 4.281068240090624e-37 4.4594460834277654e-39 0.0
0.838223432423 0.14792178219229404 0.013051921958143576 0.0007677601151849155 3.387176978756983e-05 1.1954742277965814e-06 3.5161006699899415e-08 8.864119336109097e-10 1.955320441788771e-11 3.8339616505662167e-13 6.765814677469752e-15 1.08542481456734e-16 1.5962129625990304e-18 2.166804926605024e-20 2.7312667142080085e-22 3.213254957891757e-24 3.544031203557091e-26 3.678925124799719e-28 3.606789338038958e-30 3.349959137497533e-32 2.9558462977919068e-34 2.483904451925978e-36 1.9924367261438292e-38 1.5287238308008732e-40 1.1240616402947823e-42 1.1102230246251565e-16
0.8948393168143698 0.09942659075715217 0.005523699486508455 0.0002045814624632763 5.68281840175767e-06 1.2628485337239268e-07 2.3386083957850536e-09 3.712076818706418e-11 5.155662248203354e-13 6.3650151212387005e-15 7.072239023598557e-17 7.143675781412652e-19 6.6145146124191445e-21 5.653431292665925e-23 4.486850232274548e-25 3.3235927646478035e-27 2.3080505310054127e-29 1.5085297588270702e-31 9.311912091525195e-34 5.445562626622899e-36 3.0253125703460495e-38 1.6006944816645732e-40 8.084315563962557e-43 3.905466456020549e-45 1.8080863222317385e-47 0.0
3 3
0.7788007830714049 0.1947001957678512 0.024337524470981392 0.00202812703924845 0.00012675793995302808 6.337896997651408e-06 2.640790415688083e-07 9.43139434174315e-09 2.947310731794738e-10 8.186974254985393e-12 2.0467435637463454e-13 4.6516899176053375e-15 9.691020661677737e-17 1.863657819553418e-18 3.327960392059674e-20 5.546600653432766e-22 8.666563520988723e-24 1.2744946354395099e-25 1.7701314381104415e-27 2.3291203133032001e-29 2.9114003916290117e-31 3.4659528471774076e-33 3.9385827808833604e-35 4.281068240090624e-37 4.4594460834277654e-39 0.0
0.838223432423 0.14792178219229404 0.013051921958143576 0.0007677601151849155 3.387176978756983e-05 1.1954742277965814e-06 3.5161006699899415e-08 8.864119336109097e-10 1.955320441788771e-11 3.8339616505662167e-13 6.765814677469752e-15 1.08542481456734e-16 1.5962129625990304e-18 2.166804926605024e-20 2.7312667142080085e-22 3.213254957891757e-24 3.544031203557091e-26 3.678925124799719e-28 3.606789338038958e-30 3.349959137497533e-32 2.9558462977919068e-34 2.483904451925978e-36 1.9924367261438292e-38 1.5287238308008732e-40 1.1240616402947823e-42 1.1102230246251565e-16
0.8948393168143698 0.09942659075715217 0.005523699486508455 0.0002045814624632763 5.68281840175767e-06 1.2628485337239268e-07 2.3386083957850536e-09 3.712076818706418e-11 5.155662248203354e-13 6.3650151212387005e-15 7.072239023598557e-17 7.143675781412652e-19 6.6145146124191445e-21 5.653431292665925e-23 4.486850232274548e-25 3.3235927646478035e-27 2.3080505310054127e-29 1.5085297588270702e-31 9.311912091525195e-34 5.445562626622899e-36 3.0253125703460495e-38 1.6006944816645732e-40 8.084315563962557e-43 3.905466456020549e-45 1.8080863222317385e-47 0.0
3 4
0.7788007830714049 0.1947001957678512 0.024337524470981392 0.00202812703924845 0.00012675793995302808 6.337896997651408e-06 2.640790415688083e-07 9.43139434174315e-09 2.947310731794738e-10 8.186974254985393e-12 2.0467435637463454e-13 4.6516899176053375e-15 9.691020661677737e-17 1.863657819553418e-18 3.327960392059674e-20 5.546600653432766e-22 8.666563520988723e-24 1.2744946354395099e-25 1.7701314381104415e-27 2.3291203133032001e-29 2.9114003916290117e-31 3.4659528471774076e-33 3.9385827808833604e-35 4.281068240090624e-37 4.4594460834277654e-39 0.0
0.838223432423 0.14792178219229404 0.013051921958143576 0.0007677601151849155 3.387176978756983e-05 1.1954742277965814e-06 3.5161006699899415e-08 8.864119336109097e-10 1.955320441788771e-11 3.8339616505662167e-13 6.765814677469752e-15 1.08542481456734e-16 1.5962129625990304e-18 2.166804926605024e-20 2.7312667142080085e-22 3.213254957891757e-24 3.544031203557091e-26 3.678925124799719e-28 3.606789338038958e-30 3.349959137497533e-32 2.9558462977919068e-34 2.483904451925978e-36 1.9924367261438292e-38 1.5287238308008732e-40 1.1240616402947823e-42 1.1102230246251565e-16
0.8948393168143698 0.09942659075715217 0.005523699486508455 0.0002045814624632763 5.68281840175767e-06 1.2628485337239268e-07 2.3386083957850536e-09 3.712076818706418e-11 5.155662248203354e-13 6.3650151212387005e-15 7.072239023598557e-17 7.143675781412652e-19 6.6145146124191445e-21 5.653431292665925e-23 4.486850232274548e-25 3.3235927646478035e-27 2.3080505310054127e-29 1.5085297588270702e-31 9.311912091525195e-34 5.445562626622899e-36 3.0253125703460495e-38 1.6006944816645732e-40 8.084315563962557e-43 3.905466456020549e-45 1.8080863222317385e-47 0.0
3 5
0.7788007830714049 0.1947001957678512 0.024337524470981392 0.00202812703924845 0.00012675793995302808 6.337896997651408e-06 2.640790415688083e-07 9.43139434174315e-09 2.947310731794738e-10 8.186974254985393e-12 2.0467435637463454e-13 4.6516899176053375e-15 9.691020661677737e-17 1.863657819553418e-18 3.327960392059674e-20 5.546600653432766e-22 8.666563520988723e-24 1.2744946354395099e-25 1.7701314381104415e-27 2.3291203133032001e-29 2.9114003916290117e-31 3.4659528471774076e-33 3.9385827808833604e-35 4.281068240090624e-37 4.4594460834277654e-39 0.0
0.838223432423 0.14792178219229404 0.013051921958143576 0.0007677601151849155 3.387176978756983e-05 1.1954742277965814e-06 3.5161006699899415e-08 8.864119336109097e-10 1.955320441788771e-11 3.8339616505662167e-13 6.765814677469752e-15 1.08542481456734e-16 1.5962129625990304e-18 2.166804926605024e-20 2.7312667142080085e-22 3.213254957891757e-24 3.544031203557091e-26 3.678925124799719e-28 3.606789338038958e-30 3.349959137497533e-32 2.9558462977919068e-34 2.483904451925978e-36 1.9924367261438292e-38 1.5287238308008732e-40 1.1240616402947823e-42 1.1102230246251565e-16
0.8948393168143698 0.09942659075715217 0.005523699486508455 0.0002045814624632763 5.68281840175767e-06 1.2628485337239268e-07 2.3386083957850536e-09 3.712076818706418e-11 5.155662248203354e-13 6.3650151212387005e-15 7.072239023598557e-17 7.143675781412652e-19 6.6145146124191445e-21 5.653431292665925e-23 4.486850232274548e-25 3.3235927646478035e-27 2.3080505310054127e-29 1.5085297588270702e-31 9.311912091525195e-34 5.445562626622899e-36 3.0253125703460495e-38 1.6006944816645732e-40 8.084315563962557e-43 3.905466456020549e-45 1.8080863222317385e-47 0.0
4 1
0.7788007830714049 0.1947001957678512 0.024337524470981392 0.00202812703924845 0.00012675793995302808 6.337896997651408e-06 2.640790415688083e-07 9.43139434174315e-09 2.947310731794738e-10 8.186974254985393e-12 2.0467435637463454e-13 4.6516899176053375e-15 9.691020661677737e-17 1.863657819553418e-18 3.327960392059674e-20 5.546600653432766e-22 8.666563520988723e-24 1.2744946354395099e-25 1.7701314381104415e-27 2.3291203133032001e-29 2.9114003916290117e-31 3.4659528471774076e-33 3.9385827808833604e-35 4.281068240090624e-37 4.4594460834277654e-39 0.0
0.838223432423 0.14792178219229404 0.013051921958143576 0.0007677601151849155 3.387176978756983e-05 1.1954742277965814e-06 3.5161006699899415e-08 8.864119336109097e-10 1.955320441788771e-11 3.8339616505662167e-13 6.765814677469752e-15 1.08542481456734e-16 1.5962129625990304e-18 2.166804926605024e-20 2.7312667142080085e-22 3.213254957891757e-24 3.544031203557091e-26 3.678925124799719e-28 3.606789338038958e-30 3.349959137497533e-32 2.9558462977919068e-34 2.483904451925978e-36 1.9924367261438292e-38 1.5287238308008732e-40 1.1240616402947823e-42 1.1102230246251565e-16
0.8948393168143698 0.09942659075715217 0.005523699486508455 0.0002045814624632763 5.68281840175767e-06 1.2628485337239268e-07 2.3386083957850536e-09 3.712076818706418e-11 5.155662248203354e-13 6.3650151212387005e-15 7.072239023598557e-17 7.143675781412652e-19 6.6145146124191445e-21 5.653431292665925e-23 4.486850232274548e-25 3.3235927646478035e-27 2.3080505310054127e-29 1.5085297588270702e-31 9.311912091525195e-34 5.445562626622899e-36 3.0253125703460495e-38 1.6006944816645732e-40 8.084315563962557e-43 3.905466456020549e-45 1.8080863222317385e-47 0.0
4 2
0.7788007830714049 0.1947001957678512 0.024337524470981392 0.00202812703924845 0.00012675793995302808 6.337896997651408e-06 2.640790415688083e-07 9.43139434174315e-09 2.947310731794738e-10 8.186974254985393e-12 2.0467435637463454e-13 4.6516899176053375e-15 9.691020661677737e-17 1.863657819553418e-18 3.327960392059674e-20 5.546600653432766e-22 8.666563520988723e-24 1.2744946354395099e-25 1.7701314381104415e-27 2.3291203133032001e-29 2.9114003916290117e-31 3.4659528471774076e-33 3.9385827808833604e-35 4.281068240090624e-37 4.4594460834277654e-39 0.0
0.838223432423 0.14792178219229404 0.013051921958143576 0.0007677601151849155 3.387176978756983e-05 1.1954742277965814e-06 3.5161006699899415e-08 8.864119336109097e-10 1.955320441788771e-11 3.8339616505662167e-13 6.765814677469752e-15 1.08542481456734e-16 1.5962129625990304e-18 2.166804926605024e-20 2.7312667142080085e-22 3.213254957891757e-24 3.544031203557091e-26 3.678925124799719e-28 3.606789338038958e-30 3.349959137497533e-32 2.9558462977919068e-34 2.483904451925978e-36 1.9924367261438292e-38 1.5287238308008732e-40 1.1240616402947823e-42 1.1102230246251565e-16
0.8948393168143698 0.09942659075715217 0.005523699486508455 0.0002045814624632763 5.68281840175767e-06 1.2628485337239268e-07 2.3386083957850536e-09 3.712076818706418e-11 5.155662248203354e-13 6.3650151212387005e-15 7.072239023598557e-17 7.143675781412652e-19 6.6145146124191445e-21 5.653431292665925e-23 4.486850232274548e-25 3.3235927646478035e-27 2.3080505310054127e-29 1.5085297588270702e-31 9.311912091525195e-34 5.445562626622899e-36 3.0253125703460495e-38 1.6006944816645732e-40 8.084315563962557e-43 3.905466456020549e-45 1.8080863222317385e-47 0.0
4 3
0.7788007830714049 0.1947001957678512 0.024337524470981392 0.00202812703924845 0.00012675793995302808 6.337896997651408e-06 2.640790415688083e-07 9.43139434174315e-09 2.947310731794738e-10 8.186974254985393e-12 2.0467435637463454e-13 4.6516899176053375e-15 9.691020661677737e-17 1.863657819553418e-18 3.327960392059674e-20 5.546600653432766e-22 8.666563520988723e-24 1.2744946354395099e-25 1.7701314381104415e-27 2.3291203133032001e-29 2.9114003916290117e-31 3.4659528471774076e-33 3.9385827808833604e-35 4.281068240090624e-37 4.4594460834277654e-39 0.0
0.838223432423 0.14792178219229404 0.013051921958143576 0.0007677601151849155 3.387176978756983e-05 1.1954742277965814e-06 3.5161006699899415e-08 8.864119336109097e-10 1.955320441788771e-11 3.8339616505662167e-13 6.765814677469752e-15 1.08542481456734e-16 1.5962129625990304e-18 2.166804926605024e-20 2.7312667142080085e-22 3.213254957891757e-24 3.544031203557091e-26 3.678925124799719e-28 3.606789338038958e-30 3.349959137497533e-32 2.9558462977919068e-34 2.483904451925978e-36 1.9924367261438292e-38 1.5287238308008732e-40 1.1240616402947823e-42 1.1102230246251565e-16
0.8948393168143698 0.09942659075715217 0.005523699486508455 0.0002045814624632763 5.68281840175767e-06 1.2628485337239268e-07 2.3386083957850536e-09 3.712076818706418e-11 5.155662248203354e-13 6.3650151212387005e-15 7.072239023598557e-17 7.143675781412652e-19 6.6145146124191445e-21 5.653431292665925e-23 4.486850232274548e-25 3.3235927646478035e-27 2.3080505310054127e-29 1.5085297588270702e-31 9.311912091525195e-34 5.445562626622899e-36 3.0253125703460495e-38 1.6006944816645732e-40 8.084315563962557e-43 3.905466456020549e-45 1.8080863222317385e-47 0.0
4 4
0.7788007830714049 0.1947001957678512 0.024337524470981392 0.00202812703924845 0.00012675793995302808 6.337896997651408e-06 2.640790415688083e-07 9.43139434174315e-09 2.947310731794738e-10 8.186974254985393e-12 2.0467435637463454e-13 4.6516899176053375e-15 9.691020661677737e-17 1.863657819553418e-18 3.327960392059674e-20 5.546600653432766e-22 8.666563520988723e-24 1.2744946354395099e-25 1.7701314381104415e-27 2.3291203133032001e-29 2.9114003916290117e-31 3.4659528471774076e-33 3.9385827808833604e-35 4.281068240090624e-37 4.4594460834277654e-39 0.0
0.838223432423 0.14792178219229404 0.013051921958143576 0.0007677601151849155 3.387176978756983e-05 1.1954742277965814e-06 3.5161006699899415e-08 8.864119336109097e-10 1.955320441788771e-11 3.8339616505662167e-13 6.765814677469752e-15 1.08542481456734e-16 1.5962129625990304e-18 2.166804926605024e-20 2.7312667142080085e-22 3.213254957891757e-24 3.544031203557091e-26 3.678925124799719e-28 3.606789338038958e-30 3.349959137497533e-32 2.9558462977919068e-34 2.483904451925978e-36 1.9924367261438292e-38 1.5287238308008732e-40 1.1240616402947823e-42 1.1102230246251565e-16
0.8948393168143698 0.09942659075715217 0.005523699486508455 0.0002045814624632763 5.68281840175767e-06 1.2628485337239268e-07 2.3386083957850536e-09 3.712076818706418e-11 5.155662248203354e-13 6.3650151212387005e-15 7.072239023598557e-17 7.143675781412652e-19 6.6145146124191445e-21 5.653431292665925e-23 4.486850232274548e-25 3.3235927646478035e-27 2.3080505310054127e-29 1.5085297588270702e-31 9.311912091525195e-34 5.445562626622899e-36 3.0253125703460495e-38 1.6006944816645732e-40 8.084315563962557e-43 3.905466456020549e-45 1.8080863222317385e-47 0.0
4 5
0.7788007830714049 0.1947001957678512 0.024337524470981392 0.00202812703924845 0.00012675793995302808 6.337896997651408e-06 2.640790415688083e-07 9.43139434174315e-09 2.947310731794738e-10 8.186974254985393e-12 2.0467435637463454e-13 4.6516899176053375e-15 9.691020661677737e-17 1.863657819553418e-18 3.327960392059674e-20 5.546600653432766e-22 8.666563520988723e-24 1.2744946354395099e-25 1.7701314381104415e-27 2.3291203133032001e-29 2.9114003916290117e-31 3.4659528471774076e-33 3.9385827808833604e-35 4.281068240090624e-37 4.4594460834277654e-39 0.0
0.838223432423 0.14792178219229404 0.013051921958143576 0.0007677601151849155 3.387176978756983e-05 1.1954742277965814e-06 3.5161006699899415e-08 8.864119336109097e-10 1.955320441788771e-11 3.8339616505662167e-13 6.765814677469752e-15 1.08542481456734e-16 1.5962129625990304e-18 2.166804926605024e-20 2.7312667142080085e-22 3.213254957891757e-24 3.544031203557091e-26 3.678925124799719e-28 3.606789338038958e-30 3.349959137497533e-32 2.9558462977919068e-34 2.483904451925978e-36 1.9924367261438292e-38 1.5287238308008732e-40 1.1240616402947823e-42 1.1102230246251565e-16
0.8948393168143698 0.09942659075715217 0.005523699486508455 0.0002045814624632763 5.68281840175767e-06 1.2628485337239268e-07 2.3386083957850536e-09 3.712076818706418e-11 5.155662248203354e-13 6.3650151212387005e-15 7.072239023598557e-17 7.143675781412652e-19 6.6145146124191445e-21 5.653431292665925e-23 4.486850232274548e-25 3.3235927646478035e-27 2.3080505310054127e-29 1.5085297588270702e-31 9.311912091525195e-34 5.445562626622899e-36 3.0253125703460495e-38 1.6006944816645732e-40 8.084315563962557e-43 3.905466456020549e-45 1.8080863222317385e-47 0.0
5 1
0.7788007830714049 0.1947001957678512 0.024337524470981392 0.00202812703924845 0.00012675793995302808 6.337896997651408e-06 2.640790415688083e-07 9.43139434174315e-09 2.947310731794738e-10 8.186974254985393e-12 2.0467435637463454e-13 4.6516899176053375e-15 9.691020661677737e-17 1.863657819553418e-18 3.327960392059674e-20 5.546600653432766e-22 8.666563520988723e-24 1.2744946354395099e-25 1.7701314381104415e-27 2.3291203133032001e-29 2.9114003916290117e-31 3.4659528471774076e-33 3.9385827808833604e-35 4.281068240090624e-37 4.4594460834277654e-39 0.0
0.838223432423 0.14792178219229404 0.013051921958143576 0.0007677601151849155 3.387176978756983e-05 1.1954742277965814e-06 3.5161006699899415e-08 8.864119336109097e-10 1.955320441788771e-11 3.8339616505662167e-13 6.765814677469752e-15 1.08542481456734e-16 1.5962129625990304e-18 2.166804926605024e-20 2.7312667142080085e-22 3.213254957891757e-24 3.544031203557091e-26 3.678925124799719e-28 3.606789338038958e-30 3.349959137497533e-32 2.9558462977919068e-34 2.483904451925978e-36 1.9924367261438292e-38 1.5287238308008732e-40 1.1240616402947823e-42 1.1102230246251565e-16
0.8948393168143698 0.09942659075715217 0.005523699486508455 0.0002045814624632763 5.68281840175767e-06 1.2628485337239268e-07 2.3386083957850536e-09 3.712076818706418e-11 5.155662248203354e-13 6.3650151212387005e-15 7.072239023598557e-17 7.143675781412652e-19 6.6145146124191445e-21 5.653431292665925e-23 4.486850232274548e-25 3.3235927646478035e-27 2.3080505310054127e-29 1.5085297588270702e-31 9.311912091525195e-34 5.445562626622899e-36 3.0253125703460495e-38 1.6006944816645732e-40 8.084315563962557e-43 3.905466456020549e-45 1.8080863222317385e-47 0.0
5 2
0.7788007830714049 0.1947001957678512 0.024337524470981392 0.00202812703924845 0.00012675793995302808 6.337896997651408e-06 2.640790415688083e-07 9.43139434174315e-09 2.947310731794738e-10 8.186974254985393e-12 2.0467435637463454e-13 4.6516899176053375e-15 9.691020661677737e-17 1.863657819553418e-18 3.327960392059674e-20 5.546600653432766e-22 8.666563520988723e-24 1.2744946354395099e-25 1.7701314381104415e-27 2.3291203133032001e-29 2.9114003916290117e-31 3.4659528471774076e-33 3.9385827808833604e-35 4.281068240090624e-37 4.4594460834277654e-39 0.0
0.838223432423 0.14792178219229404 0.013051921958143576 0.0007677601151849155 3.387176978756983e-05 1.1954742277965814e-06 3.5161006699899415e-08 8.864119336109097e-10 1.955320441788771e-11 3.8339616505662167e-13 6.765814677469752e-15 1.08542481456734e-16 1.5962129625990304e-18 2.166804926605024e-20 2.7312667142080085e-22 3.213254957891757e-24 3.544031203557091e-26 3.678925124799719e-28 3.606789338038958e-30 3.349959137497533e-32 2.9558462977919068e-34 2.483904451925978e-36 1.9924367261438292e-38 1.5287238308008732e-40 1.1240616402947823e-42 1.1102230246251565e-16
0.8948393168143698 0.09942659075715217 0.005523699486508455 0.0002045814624632763 5.68281840175767e-06 1.2628485337239268e-07 2.3386083957850536e-09 3.712076818706418e-11 5.155662248203354e-13 6.3650151212387005e-15 7.072239023598557e-17 7.143675781412652e-19 6.6145146124191445e-21 5.653431292665925e-23 4.486850232274548e-25 3.3235927646478035e-27 2.3080505310054127e-29 1.5085297588270702e-31 9.311912091525195e-34 5.445562626622899e-36 3.0253125703460495e-38 1.6006944816645732e-40 8.084315563962557e-43 3.905466456020549e-45 1.8080863222317385e-47 0.0
5 3
0.7788007830714049 0.1947001957678512 0.024337524470981392 0.00202812703924845 0.00012675793995302808 6.337896997651408e-06 2.640790415688083e-07 9.43139434174315e-09 2.947310731794738e-10 8.186974254985393e-12 2.0467435637463454e-13 4.6516899176053375e-15 9.691020661677737e-17 1.863657819553418e-18 3.327960392059674e-20 5.546600653432766e-22 8.666563520988723e-24 1.2744946354395099e-25 1.7701314381104415e-27 2.3291203133032001e-29 2.9114003916290117e-31 3.4659528471774076e-33 3.9385827808833604e-35 4.281068240090624e-37 4.4594460834277654e-39 0.0
0.838223432423 0.14792178219229404 0.013051921958143576 0.0007677601151849155 3.387176978756983e-05 1.1954742277965814e-06 3.5161006699899415e-08 8.864119336109097e-10 1.955320441788771e-11 3.8339616505662167e-13 6.765814677469752e-15 1.08542481456734e-16 1.5962129625990304e-18 2.166804926605024e-20 2.7312667142080085e-22 3.213254957891757e-24 3.544031203557091e-26 3.678925124799719e-28 3.606789338038958e-30 3.349959137497533e-32 2.9558462977919068e-34 2.483904451925978e-36 1.9924367261438292e-38 1.5287238308008732e-40 1.1240616402947823e-42 1.1102230246251565e-16
0.8948393168143698 0.09942659075715217 0.005523699486508455 0.0002045814624632763 5.68281840175767e-06 1.2628485337239268e-07 2.3386083957850536e-09 3.712076818706418e-11 5.155662248203354e-13 6.3650151212387005e-15 7.072239023598557e-17 7.143675781412652e-19 6.6145146124191445e-21 5.653431292665925e-23 4.486850232274548e-25 3.3235927646478035e-27 2.3080505310054127e-29 1.5085297588270702e-31 9.311912091525195e-34 5.445562626622899e-36 3.0253125703460495e-38 1.6006944816645732e-40 8.084315563962557e-43 3.905466456020549e-45 1.8080863222317385e-47 0.0
5 4
0.7788007830714049 0.1947001957678512 0.024337524470981392 0.00202812703924845 0.00012675793995302808 6.337896997651408e-06 2.640790415688083e-07 9.43139434174315e-09 2.947310731794738e-10 8.186974254985393e-12 2.0467435637463454e-13 4.6516899176053375e-15 9.691020661677737e-17 1.863657819553418e-18 3.327960392059674e-20 5.546600653432766e-22 8.666563520988723e-24 1.2744946354395099e-25 1.7701314381104415e-27 2.3291203133032001e-29 2.9114003916290117e-31 3.4659528471774076e-33 3.9385827808833604e-35 4.281068240090624e-37 4.4594460834277654e-39 0.0
