10 10
0.08 0.08 0.08 0.08 0.08 0.08 0.08 0.08 0.08 0.08
0.08 0.08 0.08 0.08 0.08 0.08 0.08 0.08 0.08 0.08
0.08 0.08 0.08 0.08 0.08 0.08 0.08 0.08 0.08 0.08
0.08 0.08 0.08 0.08 0.08 0.08 0.08 0.08 0.08 0.08
0.08 0.08 0.08 0.08 0.08 0.08 0.08 0.08 0.08 0.08
0.08 0.08 0.08 0.08 0.08 0.08 0.08 0.08 0.08 0.08
0.08 0.08 0.08 0.08 0.08 0.08 0.08 0.08 0.08 0.08
0.08 0.08 0.08 0.08 0.08 0.08 0.08 0.08 0.08 0.08
0.08 0.08 0.08 0.08 0.08 0.08 0.08 0.08 0.08 0.08
0.08 0.08 0.08 0.08 0.08 0.08 0.08 0.08 0.08 0.08
5 3
25 25 25
1 1
0.5134171190325921 0.3422780793550613 0.11409269311835374 0.025353931804078595 0.004225655300679766 0.0005634207067573019 6.260230075081135e-05 5.962123881029644e-06 4.968436567524697e-07 3.6803233833516274e-08 2.453548922234408e-09 1.4869993468087357e-10 8.261107482270778e-12 4.2364653755234653e-13 2.0173644645349772e-14 8.966064286822156e-16 3.735860119509219e-17 1.4650431841212646e-18 5.426085867115794e-20 1.9038897779353716e-21 6.346299259784557e-23 2.0146981777093926e-24 6.105145993058725e-26 1.769607534219915e-27 4.915576483944178e-29 0.0
0.5663021830238761 0.32201496681749814 0.09155327487948474 0.01735323510787619 0.002466881461413772 0.0002805473034548993 2.658781634049701e-05 2.1597946046902297e-06 1.535148125882761e-07 9.699192952200463e-09 5.515227364976709e-10 2.851008798294551e-11 1.3509682214140925e-12 5.909212431524692e-14 2.4001002873139417e-15 9.098419389817554e-17 3.233506890989058e-18 1.0815651653827349e-19 3.4167091281154034e-21 1.0225445275061565e-22 2.9072344409488783e-24 7.872063378853177e-26 2.034668787760603e-27 5.030297940755187e-29 1.1918189565514704e-30 0.0
0.6178673543839127 0.2974916891478098 0.07161836960965791 0.011494306233648797 0.0013835738984947616 0.00013323304207727338 1.0691540413608359e-05 7.353969596661842e-07 4.4260002202131345e-08 2.3678190478506497e-09 1.1400610230391997e-10 4.9901660941109814e-12 2.0022271365260144e-13 7.41565606120746e-15 2.5503579046480574e-16 8.186334014919683e-18 2.4634801433786064e-19 6.97717687667146e-21 1.8663230328545104e-22 4.729473572535787e-24 1.1385769711660228e-25 2.6104939374176888e-27 5.713202219937719e-29 1.1960004647212526e-30 2.3993836483605286e-32 2.220446049250313e-16
1 2
0.5134171190325921 0.3422780793550613 0.11409269311835374 0.025353931804078595 0.004225655300679766 0.0005634207067573019 6.260230075081135e-05 5.962123881029644e-06 4.968436567524697e-07 3.6803233833516274e-08 2.453548922234408e-09 1.4869993468087357e-10 8.261107482270778e-12 4.2364653755234653e-13 2.0173644645349772e-14 8.966064286822156e-16 3.735860119509219e-17 1.4650431841212646e-18 5.426085867115794e-20 1.9038897779353716e-21 6.346299259784557e-23 2.0146981777093926e-24 6.105145993058725e-26 1.769607534219915e-27 4.915576483944178e-29 0.0
0.5663021830238761 0.32201496681749814 0.09155327487948474 0.01735323510787619 0.002466881461413772 0.0002805473034548993 2.658781634049701e-05 2.1597946046902297e-06 1.535148125882761e-07 9.699192952200463e-09 5.515227364976709e-10 2.851008798294551e-11 1.3509682214140925e-12 5.909212431524692e-14 2.4001002873139417e-15 9.098419389817554e-17 3.233506890989058e-18 1.0815651653827349e-19 3.4167091281154034e-21 1.0225445275061565e-22 2.9072344409488783e-24 7.872063378853177e-26 2.034668787760603e-27 5.030297940755187e-29 1.1918189565514704e-30 0.0
0.6178673543839127 0.2974916891478098 0.07161836960965791 0.011494306233648797 0.0013835738984947616 0.00013323304207727338 1.0691540413608359e-05 7.353969596661842e-07 4.4260002202131345e-08 2.3678190478506497e-09 1.1400610230391997e-10 4.9901660941109814e-12 2.0022271365260144e-13 7.41565606120746e-15 2.5503579046480574e-16 8.186334014919683e-18 2.4634801433786064e-19 6.97717687667146e-21 1.8663230328545104e-22 4.729473572535787e-24 1.1385769711660228e-25 2.6104939374176888e-27 5.713202219937719e-29 1.1960004647212526e-30 2.3993836483605286e-32 2.220446049250313e-16
1 3
0.5134171190325921 0.3422780793550613 0.11409269311835374 0.025353931804078595 0.004225655300679766 0.0005634207067573019 6.260230075081135e-05 5.962123881029644e-06 4.968436567524697e-07 3.6803233833516274e-08 2.453548922234408e-09 1.4869993468087357e-10 8.261107482270778e-12 4.2364653755234653e-13 2.0173644645349772e-14 8.966064286822156e-16 3.735860119509219e-17 1.4650431841212646e-18 5.426085867115794e-20 1.9038897779353716e-21 6.346299259784557e-23 2.0146981777093926e-24 6.105145993058725e-26 1.769607534219915e-27 4.915576483944178e-29 0.0
0.5663021830238761 0.32201496681749814 0.09155327487948474 0.01735323510787619 0.002466881461413772 0.0002805473034548993 2.658781634049701e-05 2.1597946046902297e-06 1.535148125882761e-07 9.699192952200463e-09 5.515227364976709e-10 2.851008798294551e-11 1.3509682214140925e-12 5.909212431524692e-14 2.4001002873139417e-15 9.098419389817554e-17 3.233506890989058e-18 1.0815651653827349e-19 3.4167091281154034e-21 1.0225445275061565e-22 2.9072344409488783e-24 7.872063378853177e-26 2.034668787760603e-27 5.030297940755187e-29 1.1918189565514704e-30 0.0
0.6178673543839127 0.2974916891478098 0.07161836960965791 0.011494306233648797 0.0013835738984947616 0.00013323304207727338 1.0691540413608359e-05 7.353969596661842e-07 4.4260002202131345e-08 2.3678190478506497e-09 1.1400610230391997e-10 4.9901660941109814e-12 2.0022271365260144e-13 7.41565606120746e-15 2.5503579046480574e-16 8.186334014919683e-18 2.4634801433786064e-19 6.97717687667146e-21 1.8663230328545104e-22 4.729473572535787e-24 1.1385769711660228e-25 2.6104939374176888e-27 5.713202219937719e-29 1.1960004647212526e-30 2.3993836483605286e-32 2.220446049250313e-16
1 4
0.5134171190325921 0.3422780793550613 0.11409269311835374 0.025353931804078595 0.004225655300679766 0.0005634207067573019 6.260230075081135e-05 5.962123881029644e-06 4.968436567524697e-07 3.6803233833516274e-08 2.453548922234408e-09 1.4869993468087357e-10 8.261107482270778e-12 4.2364653755234653e-13 2.0173644645349772e-14 8.966064286822156e-16 3.735860119509219e-17 1.4650431841212646e-18 5.426085867115794e-20 1.9038897779353716e-21 6.346299259784557e-23 2.0146981777093926e-24 6.105145993058725e-26 1.769607534219915e-27 4.915576483944178e-29 0.0
0.5663021830238761 0.32201496681749814 0.09155327487948474 0.01735323510787619 0.002466881461413772 0.0002805473034548993 2.658781634049701e-05 2.1597946046902297e-06 1.535148125882761e-07 9.699192952200463e-09 5.515227364976709e-10 2.851008798294551e-11 1.3509682214140925e-12 5.909212431524692e-14 2.4001002873139417e-15 9.098419389817554e-17 3.233506890989058e-18 1.0815651653827349e-19 3.4167091281154034e-21 1.0225445275061565e-22 2.9072344409488783e-24 7.872063378853177e-26 2.034668787760603e-27 5.030297940755187e-29 1.1918189565514704e-30 0.0
0.6178673543839127 0.2974916891478098 0.07161836960965791 0.011494306233648797 0.0013835738984947616 0.00013323304207727338 1.0691540413608359e-05 7.353969596661842e-07 4.4260002202131345e-08 2.3678190478506497e-09 1.1400610230391997e-10 4.9901660941109814e-12 2.0022271365260144e-13 7.41565606120746e-15 2.5503579046480574e-16 8.186334014919683e-18 2.4634801433786064e-19 6.97717687667146e-21 1.8663230328545104e-22 4.729473572535787e-24 1.1385769711660228e-25 2.6104939374176888e-27 5.713202219937719e-29 1.1960004647212526e-30 2.3993836483605286e-32 2.220446049250313e-16
1 5
0.5134171190325921 0.3422780793550613 0.11409269311835374 0.025353931804078595 0.004225655300679766 0.0005634207067573019 6.260230075081135e-05 5.962123881029644e-06 4.968436567524697e-07 3.6803233833516274e-08 2.453548922234408e-09 1.4869993468087357e-10 8.261107482270778e-12 4.2364653755234653e-13 2.0173644645349772e-14 8.966064286822156e-16 3.735860119509219e-17 1.4650431841212646e-18 5.426085867115794e-20 1.9038897779353716e-21 6.346299259784557e-23 2.0146981777093926e-24 6.105145993058725e-26 1.769607534219915e-27 4.915576483944178e-29 0.0
0.5663021830238761 0.32201496681749814 0.09155327487948474 0.01735323510787619 0.002466881461413772 0.0002805473034548993 2.658781634049701e-05 2.1597946046902297e-06 1.535148125882761e-07 9.699192952200463e-09 5.515227364976709e-10 2.851008798294551e-11 1.3509682214140925e-12 5.909212431524692e-14 2.4001002873139417e-15 9.098419389817554e-17 3.233506890989058e-18 1.0815651653827349e-19 3.4167091281154034e-21 1.0225445275061565e-22 2.9072344409488783e-24 7.872063378853177e-26 2.034668787760603e-27 5.030297940755187e-29 1.1918189565514704e-30 0.0
0.6178673543839127 0.2974916891478098 0.07161836960965791 0.011494306233648797 0.0013835738984947616 0.00013323304207727338 1.0691540413608359e-05 7.353969596661842e-07 4.4260002202131345e-08 2.3678190478506497e-09 1.1400610230391997e-10 4.9901660941109814e-12 2.0022271365260144e-13 7.41565606120746e-15 2.5503579046480574e-16 8.186334014919683e-18 2.4634801433786064e-19 6.97717687667146e-21 1.8663230328545104e-22 4.729473572535787e-24 1.1385769711660228e-25 2.6104939374176888e-27 5.713202219937719e-29 1.1960004647212526e-30 2.3993836483605286e-32 2.220446049250313e-16
2 1
0.5134171190325921 0.3422780793550613 0.11409269311835374 0.025353931804078595 0.004225655300679766 0.0005634207067573019 6.260230075081135e-05 5.962123881029644e-06 4.968436567524697e-07 3.6803233833516274e-08 2.453548922234408e-09 1.4869993468087357e-10 8.261107482270778e-12 4.2364653755234653e-13 2.0173644645349772e-14 8.966064286822156e-16 3.735860119509219e-17 1.4650431841212646e-18 5.426085867115794e-20 1.9038897779353716e-21 6.346299259784557e-23 2.0146981777093926e-24 6.105145993058725e-26 1.769607534219915e-27 4.915576483944178e-29 0.0
0.5663021830238761 0.32201496681749814 0.09155327487948474 0.01735323510787619 0.002466881461413772 0.0002805473034548993 2.658781634049701e-05 2.1597946046902297e-06 1.535148125882761e-07 9.699192952200463e-09 5.515227364976709e-10 2.851008798294551e-11 1.3509682214140925e-12 5.909212431524692e-14 2.4001002873139417e-15 9.098419389817554e-17 3.233506890989058e-18 1.0815651653827349e-19 3.4167091281154034e-21 1.0225445275061565e-22 2.9072344409488783e-24 7.872063378853177e-26 2.034668787760603e-27 5.030297940755187e-29 1.1918189565514704e-30 0.0
0.6178673543839127 0.2974916891478098 0.07161836960965791 0.011494306233648797 0.0013835738984947616 0.00013323304207727338 1.0691540413608359e-05 7.353969596661842e-07 4.4260002202131345e-08 2.3678190478506497e-09 1.1400610230391997e-10 4.9901660941109814e-12 2.0022271365260144e-13 7.41565606120746e-15 2.5503579046480574e-16 8.186334014919683e-18 2.4634801433786064e-19 6.97717687667146e-21 1.8663230328545104e-22 4.729473572535787e-24 1.1385769711660228e-25 2.6104939374176888e-27 5.713202219937719e-29 1.1960004647212526e-30 2.3993836483605286e-32 2.220446049250313e-16
2 2
0.5134171190325921 0.3422780793550613 0.11409269311835374 0.025353931804078595 0.004225655300679766 0.0005634207067573019 6.260230075081135e-05 5.962123881029644e-06 4.968436567524697e-07 3.6803233833516274e-08 2.453548922234408e-09 1.4869993468087357e-10 8.261107482270778e-12 4.2364653755234653e-13 2.0173644645349772e-14 8.966064286822156e-16 3.735860119509219e-17 1.4650431841212646e-18 5.426085867115794e-20 1.9038897779353716e-21 6.346299259784557e-23 2.0146981777093926e-24 6.105145993058725e-26 1.769607534219915e-27 4.915576483944178e-29 0.0
0.5663021830238761 0.32201496681749814 0.09155327487948474 0.01735323510787619 0.002466881461413772 0.0002805473034548993 2.658781634049701e-05 2.1597946046902297e-06 1.535148125882761e-07 9.699192952200463e-09 5.515227364976709e-10 2.851008798294551e-11 1.3509682214140925e-12 5.909212431524692e-14 2.4001002873139417e-15 9.098419389817554e-17 3.233506890989058e-18 1.0815651653827349e-19 3.4167091281154034e-21 1.0225445275061565e-22 2.9072344409488783e-24 7.872063378853177e-26 2.034668787760603e-27 5.030297940755187e-29 1.1918189565514704e-30 0.0
0.6178673543839127 0.2974916891478098 0.07161836960965791 0.011494306233648797 0.0013835738984947616 0.00013323304207727338 1.0691540413608359e-05 7.353969596661842e-07 4.4260002202131345e-08 2.3678190478506497e-09 1.1400610230391997e-10 4.9901660941109814e-12 2.0022271365260144e-13 7.41565606120746e-15 2.5503579046480574e-16 8.186334014919683e-18 2.4634801433786064e-19 6.97717687667146e-21 1.8663230328545104e-22 4.729473572535787e-24 1.1385769711660228e-25 2.6104939374176888e-27 5.713202219937719e-29 1.1960004647212526e-30 2.3993836483605286e-32 2.220446049250313e-16
2 3
0.5134171190325921 0.3422780793550613 0.11409269311835374 0.025353931804078595 0.004225655300679766 0.0005634207067573019 6.260230075081135e-05 5.962123881029644e-06 4.968436567524697e-07 3.6803233833516274e-08 2.453548922234408e-09 1.4869993468087357e-10 8.261107482270778e-12 4.2364653755234653e-13 2.0173644645349772e-14 8.966064286822156e-16 3.735860119509219e-17 1.4650431841212646e-18 5.426085867115794e-20 1.9038897779353716e-21 6.346299259784557e-23 2.0146981777093926e-24 6.105145993058725e-26 1.769607534219915e-27 4.915576483944178e-29 0.0
0.5663021830238761 0.32201496681749814 0.09155327487948474 0.01735323510787619 0.002466881461413772 0.0002805473034548993 2.658781634049701e-05 2.1597946046902297e-06 1.535148125882761e-07 9.699192952200463e-09 5.515227364976709e-10 2.851008798294551e-11 1.3509682214140925e-12 5.909212431524692e-14 2.4001002873139417e-15 9.098419389817554e-17 3.233506890989058e-18 1.0815651653827349e-19 3.4167091281154034e-21 1.0225445275061565e-22 2.9072344409488783e-24 7.872063378853177e-26 2.034668787760603e-27 5.030297940755187e-29 1.1918189565514704e-30 0.0
0.6178673543839127 0.2974916891478098 0.07161836960965791 0.011494306233648797 0.0013835738984947616 0.00013323304207727338 1.0691540413608359e-05 7.353969596661842e-07 4.4260002202131345e-08 2.3678190478506497e-09 1.1400610230391997e-10 4.9901660941109814e-12 2.0022271365260144e-13 7.41565606120746e-15 2.5503579046480574e-16 8.186334014919683e-18 2.4634801433786064e-19 6.97717687667146e-21 1.8663230328545104e-22 4.729473572535787e-24 1.1385769711660228e-25 2.6104939374176888e-27 5.713202219937719e-29 1.1960004647212526e-30 2.3993836483605286e-32 2.220446049250313e-16
2 4
0.5134171190325921 0.3422780793550613 0.11409269311835374 0.025353931804078595 0.004225655300679766 0.0005634207067573019 6.260230075081135e-05 5.962123881029644e-06 4.968436567524697e-07 3.6803233833516274e-08 2.453548922234408e-09 1.4869993468087357e-10 8.261107482270778e-12 4.2364653755234653e-13 2.0173644645349772e-14 8.966064286822156e-16 3.735860119509219e-17 1.4650431841212646e-18 5.426085867115794e-20 1.9038897779353716e-21 6.346299259784557e-23 2.0146981777093926e-24 6.105145993058725e-26 1.769607534219915e-27 4.915576483944178e-29 0.0
0.5663021830238761 0.32201496681749814 0.09155327487948474 0.01735323510787619 0.002466881461413772 0.0002805473034548993 2.658781634049701e-05 2.1597946046902297e-06 1.535148125882761e-07 9.699192952200463e-09 5.515227364976709e-10 2.851008798294551e-11 1.3509682214140925e-12 5.909212431524692e-14 2.4001002873139417e-15 9.098419389817554e-17 3.233506890989058e-18 1.0815651653827349e-19 3.4167091281154034e-21 1.0225445275061565e-22 2.9072344409488783e-24 7.872063378853177e-26 2.034668787760603e-27 5.030297940755187e-29 1.1918189565514704e-30 0.0
0.6178673543839127 0.2974916891478098 0.07161836960965791 0.011494306233648797 0.0013835738984947616 0.00013323304207727338 1.0691540413608359e-05 7.353969596661842e-07 4.4260002202131345e-08 2.3678190478506497e-09 1.1400610230391997e-10 4.9901660941109814e-12 2.0022271365260144e-13 7.41565606120746e-15 2.5503579046480574e-16 8.186334014919683e-18 2.4634801433786064e-19 6.97717687667146e-21 1.8663230328545104e-22 4.729473572535787e-24 1.1385769711660228e-25 2.6104939374176888e-27 5.713202219937719e-29 1.1960004647212526e-30 2.3993836483605286e-32 2.220446049250313e-16
2 5
0.5134171190325921 0.3422780793550613 0.11409269311835374 0.025353931804078595 0.004225655300679766 0.0005634207067573019 6.260230075081135e-05 5.962123881029644e-06 4.968436567524697e-07 3.6803233833516274e-08 2.453548922234408e-09 1.4869993468087357e-10 8.261107482270778e-12 4.2364653755234653e-13 2.0173644645349772e-14 8.966064286822156e-16 3.735860119509219e-17 1.4650431841212646e-18 5.426085867115794e-20 1.9038897779353716e-21 6.346299259784557e-23 2.0146981777093926e-24 6.105145993058725e-26 1.769607534219915e-27 4.915576483944178e-29 0.0
0.5663021830238761 0.32201496681749814 0.09155327487948474 0.01735323510787619 0.002466881461413772 0.0002805473034548993 2.658781634049701e-05 2.1597946046902297e-06 1.535148125882761e-07 9.699192952200463e-09 5.515227364976709e-10 2.851008798294551e-11 1.3509682214140925e-12 5.909212431524692e-14 2.4001002873139417e-15 9.098419389817554e-17 3.233506890989058e-18 1.0815651653827349e-19 3.4167091281154034e-21 1.0225445275061565e-22 2.9072344409488783e-24 7.872063378853177e-26 2.034668787760603e-27 5.030297940755187e-29 1.1918189565514704e-30 0.0
0.6178673543839127 0.2974916891478098 0.07161836960965791 0.011494306233648797 0.0013835738984947616 0.00013323304207727338 1.0691540413608359e-05 7.353969596661842e-07 4.4260002202131345e-08 2.3678190478506497e-09 1.1400610230391997e-10 4.9901660941109814e-12 2.0022271365260144e-13 7.41565606120746e-15 2.5503579046480574e-16 8.186334014919683e-18 2.4634801433786064e-19 6.97717687667146e-21 1.8663230328545104e-22 4.729473572535787e-24 1.1385769711660228e-25 2.6104939374176888e-27 5.713202219937719e-29 1.1960004647212526e-30 2.3993836483605286e-32 2.220446049250313e-16
3 1
0.5134171190325921 0.3422780793550613 0.11409269311835374 0.025353931804078595 0.004225655300679766 0.0005634207067573019 6.260230075081135e-05 5.962123881029644e-06 4.968436567524697e-07 3.6803233833516274e-08 2.453548922234408e-09 1.4869993468087357e-10 8.261107482270778e-12 4.2364653755234653e-13 2.0173644645349772e-14 8.966064286822156e-16 3.735860119509219e-17 1.4650431841212646e-18 5.426085867115794e-20 1.9038897779353716e-21 6.346299259784557e-23 2.0146981777093926e-24 6.105145993058725e-26 1.769607534219915e-27 4.915576483944178e-29 0.0
0.5663021830238761 0.32201496681749814 0.09155327487948474 0.01735323510787619 0.002466881461413772 0.0002805473034548993 2.658781634049701e-05 2.1597946046902297e-06 1.535148125882761e-07 9.699192952200463e-09 5.515227364976709e-10 2.851008798294551e-11 1.3509682214140925e-12 5.909212431524692e-14 2.4001002873139417e-15 9.098419389817554e-17 3.233506890989058e-18 1.0815651653827349e-19 3.4167091281154034e-21 1.0225445275061565e-22 2.9072344409488783e-24 7.872063378853177e-26 2.034668787760603e-27 5.030297940755187e-29 1.1918189565514704e-30 0.0
0.6178673543839127 0.2974916891478098 0.07161836960965791 0.011494306233648797 0.0013835738984947616 0.00013323304207727338 1.0691540413608359e-05 7.353969596661842e-07 4.4260002202131345e-08 2.3678190478506497e-09 1.1400610230391997e-10 4.9901660941109814e-12 2.0022271365260144e-13 7.41565606120746e-15 2.5503579046480574e-16 8.186334014919683e-18 2.4634801433786064e-19 6.97717687667146e-21 1.8663230328545104e-22 4.729473572535787e-24 1.1385769711660228e-25 2.6104939374176888e-27 5.713202219937719e-29 1.1960004647212526e-30 2.3993836483605286e-32 2.220446049250313e-16
3 2
0.5134171190325921 0.3422780793550613 0.11409269311835374 0.025353931804078595 0.004225655300679766 0.0005634207067573019 6.260230075081135e-05 5.962123881029644e-06 4.968436567524697e-07 3.6803233833516274e-08 2.453548922234408e-09 1.4869993468087357e-10 8.261107482270778e-12 4.2364653755234653e-13 2.0173644645349772e-14 8.966064286822156e-16 3.735860119509219e-17 1.4650431841212646e-18 5.426085867115794e-20 1.9038897779353716e-21 6.346299259784557e-23 2.0146981777093926e-24 6.105145993058725e-26 1.769607534219915e-27 4.915576483944178e-29 0.0
0.5663021830238761 0.32201496681749814 0.09155327487948474 0.01735323510787619 0.002466881461413772 0.0002805473034548993 2.658781634049701e-05 2.1597946046902297e-06 1.535148125882761e-07 9.699192952200463e-09 5.515227364976709e-10 2.851008798294551e-11 1.3509682214140925e-12 5.909212431524692e-14 2.4001002873139417e-15 9.098419389817554e-17 3.233506890989058e-18 1.0815651653827349e-19 3.4167091281154034e-21 1.0225445275061565e-22 2.9072344409488783e-24 7.872063378853177e-26 2.034668787760603e-27 5.030297940755187e-29 1.1918189565514704e-30 0.0
0.6178673543839127 0.2974916891478098 0.07161836960965791 0.011494306233648797 0.0013835738984947616 0.00013323304207727338 1.0691540413608359e-05 7.353969596661842e-07 4.4260002202131345e-08 2.3678190478506497e-09 1.1400610230391997e-10 4.9901660941109814e-12 2.0022271365260144e-13 7.41565606120746e-15 2.5503579046480574e-16 8.186334014919683e-18 2.4634801433786064e-19 6.97717687667146e-21 1.8663230328545104e-22 4.729473572535787e-24 1.1385769711660228e-25 2.6104939374176888e-27 5.713202219937719e-29 1.1960004647212526e-30 2.3993836483605286e-32 2.220446049250313e-16
3 3
0.5134171190325921 0.3422780793550613 0.11409269311835374 0.025353931804078595 0.004225655300679766 0.0005634207067573019 6.260230075081135e-05 5.962123881029644e-06 4.968436567524697e-07 3.6803233833516274e-08 2.453548922234408e-09 1.4869993468087357e-10 8.261107482270778e-12 4.2364653755234653e-13 2.0173644645349772e-14 8.966064286822156e-16 3.735860119509219e-17 1.4650431841212646e-18 5.426085867115794e-20 1.9038897779353716e-21 6.346299259784557e-23 2.0146981777093926e-24 6.105145993058725e-26 1.769607534219915e-27 4.915576483944178e-29 0.0
0.5663021830238761 0.32201496681749814 0.09155327487948474 0.01735323510787619 0.002466881461413772 0.0002805473034548993 2.658781634049701e-05 2.1597946046902297e-06 1.535148125882761e-07 9.699192952200463e-09 5.515227364976709e-10 2.851008798294551e-11 1.3509682214140925e-12 5.909212431524692e-14 2.4001002873139417e-15 9.098419389817554e-17 3.233506890989058e-18 1.0815651653827349e-19 3.4167091281154034e-21 1.0225445275061565e-22 2.9072344409488783e-24 7.872063378853177e-26 2.034668787760603e-27 5.030297940755187e-29 1.1918189565514704e-30 0.0
0.6178673543839127 0.2974916891478098 0.07161836960965791 0.011494306233648797 0.0013835738984947616 0.00013323304207727338 1.0691540413608359e-05 7.353969596661842e-07 4.4260002202131345e-08 2.3678190478506497e-09 1.1400610230391997e-10 4.9901660941109814e-12 2.0022271365260144e-13 7.41565606120746e-15 2.5503579046480574e-16 8.186334014919683e-18 2.4634801433786064e-19 6.97717687667146e-21 1.8663230328545104e-22 4.729473572535787e-24 1.1385769711660228e-25 2.6104939374176888e-27 5.713202219937719e-29 1.1960004647212526e-30 2.3993836483605286e-32 2.220446049250313e-16
3 4
0.5134171190325921 0.3422780793550613 0.11409269311835374 0.025353931804078595 0.004225655300679766 0.0005634207067573019 6.260230075081135e-05 5.962123881029644e-06 4.968436567524697e-07 3.6803233833516274e-08 2.453548922234408e-09 1.4869993468087357e-10 8.261107482270778e-12 4.2364653755234653e-13 2.0173644645349772e-14 8.966064286822156e-16 3.735860119509219e-17 1.4650431841212646e-18 5.426085867115794e-20 1.9038897779353716e-21 6.346299259784557e-23 2.0146981777093926e-24 6.105145993058725e-26 1.769607534219915e-27 4.915576483944178e-29 0.0
0.5663021830238761 0.32201496681749814 0.09155327487948474 0.01735323510787619 0.002466881461413772 0.0002805473034548993 2.658781634049701e-05 2.1597946046902297e-06 1.535148125882761e-07 9.699192952200463e-09 5.515227364976709e-10 2.851008798294551e-11 1.3509682214140925e-12 5.909212431524692e-14 2.4001002873139417e-15 9.098419389817554e-17 3.233506890989058e-18 1.0815651653827349e-19 3.4167091281154034e-21 1.0225445275061565e-22 2.9072344409488783e-24 7.872063378853177e-26 2.034668787760603e-27 5.030297940755187e-29 1.1918189565514704e-30 0.0
0.6178673543839127 0.2974916891478098 0.07161836960965791 0.011494306233648797 0.0013835738984947616 0.00013323304207727338 1.0691540413608359e-05 7.353969596661842e-07 4.4260002202131345e-08 2.3678190478506497e-09 1.1400610230391997e-10 4.9901660941109814e-12 2.0022271365260144e-13 7.41565606120746e-15 2.5503579046480574e-16 8.186334014919683e-18 2.4634801433786064e-19 6.97717687667146e-21 1.8663230328545104e-22 4.729473572535787e-24 1.1385769711660228e-25 2.6104939374176888e-27 5.713202219937719e-29 1.1960004647212526e-30 2.3993836483605286e-32 2.220446049250313e-16
3 5
0.5134171190325921 0.3422780793550613 0.11409269311835374 0.025353931804078595 0.004225655300679766 0.0005634207067573019 6.260230075081135e-05 5.962123881029644e-06 4.968436567524697e-07 3.6803233833516274e-08 2.453548922234408e-09 1.4869993468087357e-10 8.261107482270778e-12 4.2364653755234653e-13 2.0173644645349772e-14 8.966064286822156e-16 3.735860119509219e-17 1.4650431841212646e-18 5.426085867115794e-20 1.9038897779353716e-21 6.346299259784557e-23 2.0146981777093926e-24 6.105145993058725e-26 1.769607534219915e-27 4.915576483944178e-29 0.0
0.5663021830238761 0.32201496681749814 0.09155327487948474 0.01735323510787619 0.002466881461413772 0.0002805473034548993 2.658781634049701e-05 2.1597946046902297e-06 1.535148125882761e-07 9.699192952200463e-09 5.515227364976709e-10 2.851008798294551e-11 1.3509682214140925e-12 5.909212431524692e-14 2.4001002873139417e-15 9.098419389817554e-17 3.233506890989058e-18 1.0815651653827349e-19 3.4167091281154034e-21 1.0225445275061565e-22 2.9072344409488783e-24 7.872063378853177e-26 2.034668787760603e-27 5.030297940755187e-29 1.1918189565514704e-30 0.0
0.6178673543839127 0.2974916891478098 0.07161836960965791 0.011494306233648797 0.0013835738984947616 0.00013323304207727338 1.0691540413608359e-05 7.353969596661842e-07 4.4260002202131345e-08 2.3678190478506497e-09 1.1400610230391997e-10 4.9901660941109814e-12 2.0022271365260144e-13 7.41565606120746e-15 2.5503579046480574e-16 8.186334014919683e-18 2.4634801433786064e-19 6.97717687667146e-21 1.8663230328545104e-22 4.729473572535787e-24 1.1385769711660228e-25 2.6104939374176888e-27 5.713202219937719e-29 1.1960004647212526e-30 2.3993836483605286e-32 2.220446049250313e-16
4 1
0.5134171190325921 0.3422780793550613 0.11409269311835374 0.025353931804078595 0.004225655300679766 0.0005634207067573019 6.260230075081135e-05 5.962123881029644e-06 4.968436567524697e-07 3.6803233833516274e-08 2.453548922234408e-09 1.4869993468087357e-10 8.261107482270778e-12 4.2364653755234653e-13 2.0173644645349772e-14 8.966064286822156e-16 3.735860119509219e-17 1.4650431841212646e-18 5.426085867115794e-20 1.9038897779353716e-21 6.346299259784557e-23 2.0146981777093926e-24 6.105145993058725e-26 1.769607534219915e-27 4.915576483944178e-29 0.0
0.5663021830238761 0.32201496681749814 0.09155327487948474 0.01735323510787619 0.002466881461413772 0.0002805473034548993 2.658781634049701e-05 2.1597946046902297e-06 1.535148125882761e-07 9.699192952200463e-09 5.515227364976709e-10 2.851008798294551e-11 1.3509682214140925e-12 5.909212431524692e-14 2.4001002873139417e-15 9.098419389817554e-17 3.233506890989058e-18 1.0815651653827349e-19 3.4167091281154034e-21 1.0225445275061565e-22 2.9072344409488783e-24 7.872063378853177e-26 2.034668787760603e-27 5.030297940755187e-29 1.1918189565514704e-30 0.0
0.6178673543839127 0.2974916891478098 0.07161836960965791 0.011494306233648797 0.0013835738984947616 0.00013323304207727338 1.0691540413608359e-05 7.353969596661842e-07 4.4260002202131345e-08 2.3678190478506497e-09 1.1400610230391997e-10 4.9901660941109814e-12 2.0022271365260144e-13 7.41565606120746e-15 2.5503579046480574e-16 8.186334014919683e-18 2.4634801433786064e-19 6.97717687667146e-21 1.8663230328545104e-22 4.729473572535787e-24 1.1385769711660228e-25 2.6104939374176888e-27 5.713202219937719e-29 1.1960004647212526e-30 2.3993836483605286e-32 2.220446049250313e-16
4 2
0.5134171190325921 0.3422780793550613 0.11409269311835374 0.025353931804078595 0.004225655300679766 0.0005634207067573019 6.260230075081135e-05 5.962123881029644e-06 4.968436567524697e-07 3.6803233833516274e-08 2.453548922234408e-09 1.4869993468087357e-10 8.261107482270778e-12 4.2364653755234653e-13 2.0173644645349772e-14 8.966064286822156e-16 3.735860119509219e-17 1.4650431841212646e-18 5.426085867115794e-20 1.9038897779353716e-21 6.346299259784557e-23 2.0146981777093926e-24 6.105145993058725e-26 1.769607534219915e-27 4.915576483944178e-29 0.0
0.5663021830238761 0.32201496681749814 0.09155327487948474 0.01735323510787619 0.002466881461413772 0.0002805473034548993 2.658781634049701e-05 2.1597946046902297e-06 1.535148125882761e-07 9.699192952200463e-09 5.515227364976709e-10 2.851008798294551e-11 1.3509682214140925e-12 5.909212431524692e-14 2.4001002873139417e-15 9.098419389817554e-17 3.233506890989058e-18 1.0815651653827349e-19 3.4167091281154034e-21 1.0225445275061565e-22 2.9072344409488783e-24 7.872063378853177e-26 2.034668787760603e-27 5.030297940755187e-29 1.1918189565514704e-30 0.0
0.6178673543839127 0.2974916891478098 0.07161836960965791 0.011494306233648797 0.0013835738984947616 0.00013323304207727338 1.0691540413608359e-05 7.353969596661842e-07 4.4260002202131345e-08 2.3678190478506497e-09 1.1400610230391997e-10 4.9901660941109814e-12 2.0022271365260144e-13 7.41565606120746e-15 2.5503579046480574e-16 8.186334014919683e-18 2.4634801433786064e-19 6.97717687667146e-21 1.8663230328545104e-22 4.729473572535787e-24 1.1385769711660228e-25 2.6104939374176888e-27 5.713202219937719e-29 1.1960004647212526e-30 2.3993836483605286e-32 2.220446049250313e-16
4 3
0.5134171190325921 0.3422780793550613 0.11409269311835374 0.025353931804078595 0.004225655300679766 0.0005634207067573019 6.260230075081135e-05 5.962123881029644e-06 4.968436567524697e-07 3.6803233833516274e-08 2.453548922234408e-09 1.4869993468087357e-10 8.261107482270778e-12 4.2364653755234653e-13 2.0173644645349772e-14 8.966064286822156e-16 3.735860119509219e-17 1.4650431841212646e-18 5.426085867115794e-20 1.9038897779353716e-21 6.346299259784557e-23 2.0146981777093926e-24 6.105145993058725e-26 1.769607534219915e-27 4.915576483944178e-29 0.0
0.5663021830238761 0.32201496681749814 0.09155327487948474 0.01735323510787619 0.002466881461413772 0.0002805473034548993 2.658781634049701e-05 2.1597946046902297e-06 1.535148125882761e-07 9.699192952200463e-09 5.515227364976709e-10 2.851008798294551e-11 1.3509682214140925e-12 5.909212431524692e-14 2.4001002873139417e-15 9.098419389817554e-17 3.233506890989058e-18 1.0815651653827349e-19 3.4167091281154034e-21 1.0225445275061565e-22 2.9072344409488783e-24 7.872063378853177e-26 2.034668787760603e-27 5.030297940755187e-29 1.1918189565514704e-30 0.0
0.6178673543839127 0.2974916891478098 0.07161836960965791 0.011494306233648797 0.0013835738984947616 0.00013323304207727338 1.0691540413608359e-05 7.353969596661842e-07 4.4260002202131345e-08 2.3678190478506497e-09 1.1400610230391997e-10 4.9901660941109814e-12 2.0022271365260144e-13 7.41565606120746e-15 2.5503579046480574e-16 8.186334014919683e-18 2.4634801433786064e-19 6.97717687667146e-21 1.8663230328545104e-22 4.729473572535787e-24 1.1385769711660228e-25 2.6104939374176888e-27 5.713202219937719e-29 1.1960004647212526e-30 2.3993836483605286e-32 2.220446049250313e-16
4 4
0.5134171190325921 0.3422780793550613 0.11409269311835374 0.025353931804078595 0.004225655300679766 0.0005634207067573019 6.260230075081135e-05 5.962123881029644e-06 4.968436567524697e-07 3.6803233833516274e-08 2.453548922234408e-09 1.4869993468087357e-10 8.261107482270778e-12 4.2364653755234653e-13 2.0173644645349772e-14 8.966064286822156e-16 3.735860119509219e-17 1.4650431841212646e-18 5.426085867115794e-20 1.9038897779353716e-21 6.346299259784557e-23 2.0146981777093926e-24 6.105145993058725e-26 1.769607534219915e-27 4.915576483944178e-29 0.0
0.5663021830238761 0.32201496681749814 0.09155327487948474 0.01735323510787619 0.002466881461413772 0.0002805473034548993 2.658781634049701e-05 2.1597946046902297e-06 1.535148125882761e-07 9.699192952200463e-09 5.515227364976709e-10 2.851008798294551e-11 1.3509682214140925e-12 5.909212431524692e-14 2.4001002873139417e-15 9.098419389817554e-17 3.233506890989058e-18 1.0815651653827349e-19 3.4167091281154034e-21 1.0225445275061565e-22 2.9072344409488783e-24 7.872063378853177e-26 2.034668787760603e-27 5.030297940755187e-29 1.1918189565514704e-30 0.0
0.6178673543839127 0.2974916891478098 0.07161836960965791 0.011494306233648797 0.0013835738984947616 0.00013323304207727338 1.0691540413608359e-05 7.353969596661842e-07 4.4260002202131345e-08 2.3678190478506497e-09 1.1400610230391997e-10 4.9901660941109814e-12 2.0022271365260144e-13 7.41565606120746e-15 2.5503579046480574e-16 8.186334014919683e-18 2.4634801433786064e-19 6.97717687667146e-21 1.8663230328545104e-22 4.729473572535787e-24 1.1385769711660228e-25 2.6104939374176888e-27 5.713202219937719e-29 1.1960004647212526e-30 2.3993836483605286e-32 2.220446049250313e-16
4 5
0.5134171190325921 0.3422780793550613 0.11409269311835374 0.025353931804078595 0.004225655300679766 0.0005634207067573019 6.260230075081135e-05 5.962123881029644e-06 4.968436567524697e-07 3.6803233833516274e-08 2.453548922234408e-09 1.4869993468087357e-10 8.261107482270778e-12 4.2364653755234653e-13 2.0173644645349772e-14 8.966064286822156e-16 3.735860119509219e-17 1.4650431841212646e-18 5.426085867115794e-20 1.9038897779353716e-21 6.346299259784557e-23 2.0146981777093926e-24 6.105145993058725e-26 1.769607534219915e-27 4.915576483944178e-29 0.0
0.5663021830238761 0.32201496681749814 0.09155327487948474 0.01735323510787619 0.002466881461413772 0.0002805473034548993 2.658781634049701e-05 2.1597946046902297e-06 1.535148125882761e-07 9.699192952200463e-09 5.515227364976709e-10 2.851008798294551e-11 1.3509682214140925e-12 5.909212431524692e-14 2.4001002873139417e-15 9.098419389817554e-17 3.233506890989058e-18 1.0815651653827349e-19 3.4167091281154034e-21 1.0225445275061565e-22 2.9072344409488783e-24 7.872063378853177e-26 2.034668787760603e-27 5.030297940755187e-29 1.1918189565514704e-30 0.0
0.6178673543839127 0.2974916891478098 0.07161836960965791 0.011494306233648797 0.0013835738984947616 0.00013323304207727338 1.0691540413608359e-05 7.353969596661842e-07 4.4260002202131345e-08 2.3678190478506497e-09 1.1400610230391997e-10 4.9901660941109814e-12 2.0022271365260144e-13 7.41565606120746e-15 2.5503579046480574e-16 8.186334014919683e-18 2.4634801433786064e-19 6.97717687667146e-21 1.8663230328545104e-22 4.729473572535787e-24 1.1385769711660228e-25 2.6104939374176888e-27 5.713202219937719e-29 1.1960004647212526e-30 2.3993836483605286e-32 2.220446049250313e-16
5 1
0.5134171190325921 0.3422780793550613 0.11409269311835374 0.025353931804078595 0.004225655300679766 0.0005634207067573019 6.260230075081135e-05 5.962123881029644e-06 4.968436567524697e-07 3.6803233833516274e-08 2.453548922234408e-09 1.4869993468087357e-10 8.261107482270778e-12 4.2364653755234653e-13 2.0173644645349772e-14 8.966064286822156e-16 3.735860119509219e-17 1.4650431841212646e-18 5.426085867115794e-20 1.9038897779353716e-21 6.346299259784557e-23 2.0146981777093926e-24 6.105145993058725e-26 1.769607534219915e-27 4.915576483944178e-29 0.0
0.5663021830238761 0.32201496681749814 0.09155327487948474 0.01735323510787619 0.002466881461413772 0.0002805473034548993 2.658781634049701e-05 2.1597946046902297e-06 1.535148125882761e-07 9.699192952200463e-09 5.515227364976709e-10 2.851008798294551e-11 1.3509682214140925e-12 5.909212431524692e-14 2.4001002873139417e-15 9.098419389817554e-17 3.233506890989058e-18 1.0815651653827349e-19 3.4167091281154034e-21 1.0225445275061565e-22 2.9072344409488783e-24 7.872063378853177e-26 2.034668787760603e-27 5.030297940755187e-29 1.1918189565514704e-30 0.0
0.6178673543839127 0.2974916891478098 0.07161836960965791 0.011494306233648797 0.0013835738984947616 0.00013323304207727338 1.0691540413608359e-05 7.353969596661842e-07 4.4260002202131345e-08 2.3678190478506497e-09 1.1400610230391997e-10 4.9901660941109814e-12 2.0022271365260144e-13 7.41565606120746e-15 2.5503579046480574e-16 8.186334014919683e-18 2.4634801433786064e-19 6.97717687667146e-21 1.8663230328545104e-22 4.729473572535787e-24 1.1385769711660228e-25 2.6104939374176888e-27 5.713202219937719e-29 1.1960004647212526e-30 2.3993836483605286e-32 2.220446049250313e-16
5 2
0.5134171190325921 0.3422780793550613 0.11409269311835374 0.025353931804078595 0.004225655300679766 0.0005634207067573019 6.260230075081135e-05 5.962123881029644e-06 4.968436567524697e-07 3.6803233833516274e-08 2.453548922234408e-09 1.4869993468087357e-10 8.261107482270778e-12 4.2364653755234653e-13 2.0173644645349772e-14 8.966064286822156e-16 3.735860119509219e-17 1.4650431841212646e-18 5.426085867115794e-20 1.9038897779353716e-21 6.346299259784557e-23 2.0146981777093926e-24 6.105145993058725e-26 1.769607534219915e-27 4.915576483944178e-29 0.0
0.5663021830238761 0.32201496681749814 0.09155327487948474 0.01735323510787619 0.002466881461413772 0.0002805473034548993 2.658781634049701e-05 2.1597946046902297e-06 1.535148125882761e-07 9.699192952200463e-09 5.515227364976709e-10 2.851008798294551e-11 1.3509682214140925e-12 5.909212431524692e-14 2.4001002873139417e-15 9.098419389817554e-17 3.233506890989058e-18 1.0815651653827349e-19 3.4167091281154034e-21 1.0225445275061565e-22 2.9072344409488783e-24 7.872063378853177e-26 2.034668787760603e-27 5.030297940755187e-29 1.1918189565514704e-30 0.0
0.6178673543839127 0.2974916891478098 0.07161836960965791 0.011494306233648797 0.0013835738984947616 0.00013323304207727338 1.0691540413608359e-05 7.353969596661842e-07 4.4260002202131345e-08 2.3678190478506497e-09 1.1400610230391997e-10 4.9901660941109814e-12 2.0022271365260144e-13 7.41565606120746e-15 2.5503579046480574e-16 8.186334014919683e-18 2.4634801433786064e-19 6.97717687667146e-21 1.8663230328545104e-22 4.729473572535787e-24 1.1385769711660228e-25 2.6104939374176888e-27 5.713202219937719e-29 1.1960004647212526e-30 2.3993836483605286e-32 2.220446049250313e-16
5 3
0.5134171190325921 0.3422780793550613 0.11409269311835374 0.025353931804078595 0.004225655300679766 0.0005634207067573019 6.260230075081135e-05 5.962123881029644e-06 4.968436567524697e-07 3.6803233833516274e-08 2.453548922234408e-09 1.4869993468087357e-10 8.261107482270778e-12 4.2364653755234653e-13 2.0173644645349772e-14 8.966064286822156e-16 3.735860119509219e-17 1.4650431841212646e-18 5.426085867115794e-20 1.9038897779353716e-21 6.346299259784557e-23 2.0146981777093926e-24 6.105145993058725e-26 1.769607534219915e-27 4.915576483944178e-29 0.0
0.5663021830238761 0.32201496681749814 0.09155327487948474 0.01735323510787619 0.002466881461413772 0.0002805473034548993 2.658781634049701e-05 2.1597946046902297e-06 1.535148125882761e-07 9.699192952200463e-09 5.515227364976709e-10 2.851008798294551e-11 1.3509682214140925e-12 5.909212431524692e-14 2.4001002873139417e-15 9.098419389817554e-17 3.233506890989058e-18 1.0815651653827349e-19 3.4167091281154034e-21 1.0225445275061565e-22 2.9072344409488783e-24 7.872063378853177e-26 2.034668787760603e-27 5.030297940755187e-29 1.1918189565514704e-30 0.0
0.6178673543839127 0.2974916891478098 0.07161836960965791 0.011494306233648797 0.0013835738984947616 0.00013323304207727338 1.0691540413608359e-05 7.353969596661842e-07 4.4260002202131345e-08 2.3678190478506497e-09 1.1400610230391997e-10 4.9901660941109814e-12 2.0022271365260144e-13 7.41565606120746e-15 2.5503579046480574e-16 8.186334014919683e-18 2.4634801433786064e-19 6.97717687667146e-21 1.8663230328545104e-22 4.729473572535787e-24 1.1385769711660228e-25 2.6104939374176888e-27 5.713202219937719e-29 1.1960004647212526e-30 2.3993836483605286e-32 2.220446049250313e-16
5 4
0.5134171190325921 0.3422780793550613 0.11409269311835374 0.025353931804078595 0.004225655300679766 0.0005634207067573019 6.260230075081135e-05 5.962123881029644e-06 4.968436567524697e-07 3.6803233833516274e-08 2.453548922234408e-09 1.4869993468087357e-10 8.261107482270778e-12 4.2364653755234653e-13 2.0173644645349772e-14 8.966064286822156e-16 3.735860119509219e-17 1.4650431841212646e-18 5.426085867115794e-20 1.9038897779353716e-21 6.346299259784557e-23 2.0146981777093926e-24 6.105145993058725e-26 1.769607534219915e-27 4.915576483944178e-29 0.0
