10 10
0.08 0.08 0.08 0.08 0.08 0.08 0.08 0.08 0.08 0.08
0.08 0.08 0.08 0.08 0.08 0.08 0.08 0.08 0.08 0.08
0.08 0.08 0.08 0.08 0.08 0.08 0.08 0.08 0.08 0.08
0.08 0.08 0.08 0.08 0.08 0.08 0.08 0.08 0.08 0.08
0.08 0.08 0.08 0.08 0.08 0.08 0.08 0.08 0.08 0.08
0.08 0.08 0.08 0.08 0.08 0.08 0.08 0.08 0.08 0.08
0.08 0.08 0.08 0.08 0.08 0.08 0.08 0.08 0.08 0.08
0.08 0.08 0.08 0.08 0.08 0.08 0.08 0.08 0.08 0.08
0.08 0.08 0.08 0.08 0.08 0.08 0.08 0.08 0.08 0.08
0.08 0.08 0.08 0.08 0.08 0.08 0.08 0.08 0.08 0.08
5 3
25 25 25
1 1
0.01831563888873418 0.07326255555493673 0.14652511110987343 0.19536681481316454 0.19536681481316454 0.1562934518505317 0.10419563456702102 0.0595403626097263 0.029770181304863145 0.013231191691050305 0.005292476676420117 0.001924536973243679 0.00064151232441456 0.00019738840751217245 5.6396687860620494e-05 1.5039116762832128e-05 3.759779190708031e-06 8.8465392722542e-07 1.9658976160564946e-07 4.1387318232768255e-08 8.277463646553656e-09 1.5766597422006976e-09 2.8666540767285306e-10 4.985485350832228e-11 8.30914225138705e-12 1.5696333122150463e-12
0.024578520866883665 0.09108510674198067 0.16877534484543472 0.20848719069141944 0.19315725019940325 0.1431636089713224 0.08842458201169916 0.04681301400619366 0.02168544031169264 0.008929298951873452 0.0033090931409883928 0.0011148281704934154 0.0003442851702994384 9.814464130707957e-05 2.597946387540336e-05 6.418455780981991e-06 1.4866276257421542e-06 3.240745343313354e-07 6.672122765645135e-08 1.3013737902032306e-08 2.4113690818471594e-09 4.2553572032597014e-10 7.168115075009616e-11 1.1549648330578173e-11 1.7834015804569335e-12 3.078648447285559e-13
0.0319224918348957 0.10995524965352967 0.18936737440330106 0.21742180024082713 0.1872243279851567 0.1289767592786636 0.07404221365997347 0.03643347021363774 0.015686633008649586 0.006003526213186887 0.0020678812512088147 0.0006475183715906391 0.00018586175480842432 4.924542221419793e-05 1.2115937211429608e-05 2.782178174476428e-06 5.989411347831199e-07 1.2135408613252769e-07 2.3222078210545454e-08 4.209850435829872e-09 7.250297972818119e-10 1.1892023130019147e-10 1.8618824092454154e-11 2.7883263133627e-12 4.001764616400188e-13 6.361577931102147e-14
1 2
0.01831563888873418 0.07326255555493673 0.14652511110987343 0.19536681481316454 0.19536681481316454 0.1562934518505317 0.10419563456702102 0.0595403626097263 0.029770181304863145 0.013231191691050305 0.005292476676420117 0.001924536973243679 0.00064151232441456 0.00019738840751217245 5.6396687860620494e-05 1.5039116762832128e-05 3.759779190708031e-06 8.8465392722542e-07 1.9658976160564946e-07 4.1387318232768255e-08 8.277463646553656e-09 1.5766597422006976e-09 2.8666540767285306e-10 4.985485350832228e-11 8.30914225138705e-12 1.5696333122150463e-12
0.024578520866883665 0.09108510674198067 0.16877534484543472 0.20848719069141944 0.19315725019940325 0.1431636089713224 0.08842458201169916 0.04681301400619366 0.02168544031169264 0.008929298951873452 0.0033090931409883928 0.0011148281704934154 0.0003442851702994384 9.814464130707957e-05 2.597946387540336e-05 6.418455780981991e-06 1.4866276257421542e-06 3.240745343313354e-07 6.672122765645135e-08 1.3013737902032306e-08 2.4113690818471594e-09 4.2553572032597014e-10 7.168115075009616e-11 1.1549648330578173e-11 1.7834015804569335e-12 3.078648447285559e-13
0.0319224918348957 0.10995524965352967 0.18936737440330106 0.21742180024082713 0.1872243279851567 0.1289767592786636 0.07404221365997347 0.03643347021363774 0.015686633008649586 0.006003526213186887 0.0020678812512088147 0.0006475183715906391 0.00018586175480842432 4.924542221419793e-05 1.2115937211429608e-05 2.782178174476428e-06 5.989411347831199e-07 1.2135408613252769e-07 2.3222078210545454e-08 4.209850435829872e-09 7.250297972818119e-10 1.1892023130019147e-10 1.8618824092454154e-11 2.7883263133627e-12 4.001764616400188e-13 6.361577931102147e-14
1 3
0.01831563888873418 0.07326255555493673 0.14652511110987343 0.19536681481316454 0.19536681481316454 0.1562934518505317 0.10419563456702102 0.0595403626097263 0.029770181304863145 0.013231191691050305 0.005292476676420117 0.001924536973243679 0.00064151232441456 0.00019738840751217245 5.6396687860620494e-05 1.5039116762832128e-05 3.759779190708031e-06 8.8465392722542e-07 1.9658976160564946e-07 4.1387318232768255e-08 8.277463646553656e-09 1.5766597422006976e-09 2.8666540767285306e-10 4.985485350832228e-11 8.30914225138705e-12 1.5696333122150463e-12
0.024578520866883665 0.09108510674198067 0.16877534484543472 0.20848719069141944 0.19315725019940325 0.1431636089713224 0.08842458201169916 0.04681301400619366 0.02168544031169264 0.008929298951873452 0.0033090931409883928 0.0011148281704934154 0.0003442851702994384 9.814464130707957e-05 2.597946387540336e-05 6.418455780981991e-06 1.4866276257421542e-06 3.240745343313354e-07 6.672122765645135e-08 1.3013737902032306e-08 2.4113690818471594e-09 4.2553572032597014e-10 7.168115075009616e-11 1.1549648330578173e-11 1.7834015804569335e-12 3.078648447285559e-13
0.0319224918348957 0.10995524965352967 0.18936737440330106 0.21742180024082713 0.1872243279851567 0.1289767592786636 0.07404221365997347 0.03643347021363774 0.015686633008649586 0.006003526213186887 0.0020678812512088147 0.0006475183715906391 0.00018586175480842432 4.924542221419793e-05 1.2115937211429608e-05 2.782178174476428e-06 5.989411347831199e-07 1.2135408613252769e-07 2.3222078210545454e-08 4.209850435829872e-09 7.250297972818119e-10 1.1892023130019147e-10 1.8618824092454154e-11 2.7883263133627e-12 4.001764616400188e-13 6.361577931102147e-14
1 4
0.01831563888873418 0.07326255555493673 0.14652511110987343 0.19536681481316454 0.19536681481316454 0.1562934518505317 0.10419563456702102 0.0595403626097263 0.029770181304863145 0.013231191691050305 0.005292476676420117 0.001924536973243679 0.00064151232441456 0.00019738840751217245 5.6396687860620494e-05 1.5039116762832128e-05 3.759779190708031e-06 8.8465392722542e-07 1.9658976160564946e-07 4.1387318232768255e-08 8.277463646553656e-09 1.5766597422006976e-09 2.8666540767285306e-10 4.985485350832228e-11 8.30914225138705e-12 1.5696333122150463e-12
0.024578520866883665 0.09108510674198067 0.16877534484543472 0.20848719069141944 0.19315725019940325 0.1431636089713224 0.08842458201169916 0.04681301400619366 0.02168544031169264 0.008929298951873452 0.0033090931409883928 0.0011148281704934154 0.0003442851702994384 9.814464130707957e-05 2.597946387540336e-05 6.418455780981991e-06 1.4866276257421542e-06 3.240745343313354e-07 6.672122765645135e-08 1.3013737902032306e-08 2.4113690818471594e-09 4.2553572032597014e-10 7.168115075009616e-11 1.1549648330578173e-11 1.7834015804569335e-12 3.078648447285559e-13
0.0319224918348957 0.10995524965352967 0.18936737440330106 0.21742180024082713 0.1872243279851567 0.1289767592786636 0.07404221365997347 0.03643347021363774 0.015686633008649586 0.006003526213186887 0.0020678812512088147 0.0006475183715906391 0.00018586175480842432 4.924542221419793e-05 1.2115937211429608e-05 2.782178174476428e-06 5.989411347831199e-07 1.2135408613252769e-07 2.3222078210545454e-08 4.209850435829872e-09 7.250297972818119e-10 1.1892023130019147e-10 1.8618824092454154e-11 2.7883263133627e-12 4.001764616400188e-13 6.361577931102147e-14
1 5
0.01831563888873418 0.07326255555493673 0.14652511110987343 0.19536681481316454 0.19536681481316454 0.1562934518505317 0.10419563456702102 0.0595403626097263 0.029770181304863145 0.013231191691050305 0.005292476676420117 0.001924536973243679 0.00064151232441456 0.00019738840751217245 5.6396687860620494e-05 1.5039116762832128e-05 3.759779190708031e-06 8.8465392722542e-07 1.9658976160564946e-07 4.1387318232768255e-08 8.277463646553656e-09 1.5766597422006976e-09 2.8666540767285306e-10 4.985485350832228e-11 8.30914225138705e-12 1.5696333122150463e-12
0.024578520866883665 0.09108510674198067 0.16877534484543472 0.20848719069141944 0.19315725019940325 0.1431636089713224 0.08842458201169916 0.04681301400619366 0.02168544031169264 0.008929298951873452 0.0033090931409883928 0.0011148281704934154 0.0003442851702994384 9.814464130707957e-05 2.597946387540336e-05 6.418455780981991e-06 1.4866276257421542e-06 3.240745343313354e-07 6.672122765645135e-08 1.3013737902032306e-08 2.4113690818471594e-09 4.2553572032597014e-10 7.168115075009616e-11 1.1549648330578173e-11 1.7834015804569335e-12 3.078648447285559e-13
0.0319224918348957 0.10995524965352967 0.18936737440330106 0.21742180024082713 0.1872243279851567 0.1289767592786636 0.07404221365997347 0.03643347021363774 0.015686633008649586 0.006003526213186887 0.0020678812512088147 0.0006475183715906391 0.00018586175480842432 4.924542221419793e-05 1.2115937211429608e-05 2.782178174476428e-06 5.989411347831199e-07 1.2135408613252769e-07 2.3222078210545454e-08 4.209850435829872e-09 7.250297972818119e-10 1.1892023130019147e-10 1.8618824092454154e-11 2.7883263133627e-12 4.001764616400188e-13 6.361577931102147e-14
2 1
0.01831563888873418 0.07326255555493673 0.14652511110987343 0.19536681481316454 0.19536681481316454 0.1562934518505317 0.10419563456702102 0.0595403626097263 0.029770181304863145 0.013231191691050305 0.005292476676420117 0.001924536973243679 0.00064151232441456 0.00019738840751217245 5.6396687860620494e-05 1.5039116762832128e-05 3.759779190708031e-06 8.8465392722542e-07 1.9658976160564946e-07 4.1387318232768255e-08 8.277463646553656e-09 1.5766597422006976e-09 2.8666540767285306e-10 4.985485350832228e-11 8.30914225138705e-12 1.5696333122150463e-12
0.024578520866883665 0.09108510674198067 0.16877534484543472 0.20848719069141944 0.19315725019940325 0.1431636089713224 0.08842458201169916 0.04681301400619366 0.02168544031169264 0.008929298951873452 0.0033090931409883928 0.0011148281704934154 0.0003442851702994384 9.814464130707957e-05 2.597946387540336e-05 6.418455780981991e-06 1.4866276257421542e-06 3.240745343313354e-07 6.672122765645135e-08 1.3013737902032306e-08 2.4113690818471594e-09 4.2553572032597014e-10 7.168115075009616e-11 1.1549648330578173e-11 1.7834015804569335e-12 3.078648447285559e-13
0.0319224918348957 0.10995524965352967 0.18936737440330106 0.21742180024082713 0.1872243279851567 0.1289767592786636 0.07404221365997347 0.03643347021363774 0.015686633008649586 0.006003526213186887 0.0020678812512088147 0.0006475183715906391 0.00018586175480842432 4.924542221419793e-05 1.2115937211429608e-05 2.782178174476428e-06 5.989411347831199e-07 1.2135408613252769e-07 2.3222078210545454e-08 4.209850435829872e-09 7.250297972818119e-10 1.1892023130019147e-10 1.8618824092454154e-11 2.7883263133627e-12 4.001764616400188e-13 6.361577931102147e-14
2 2
0.01831563888873418 0.07326255555493673 0.14652511110987343 0.19536681481316454 0.19536681481316454 0.1562934518505317 0.10419563456702102 0.0595403626097263 0.029770181304863145 0.013231191691050305 0.005292476676420117 0.001924536973243679 0.00064151232441456 0.00019738840751217245 5.6396687860620494e-05 1.5039116762832128e-05 3.759779190708031e-06 8.8465392722542e-07 1.9658976160564946e-07 4.1387318232768255e-08 8.277463646553656e-09 1.5766597422006976e-09 2.8666540767285306e-10 4.985485350832228e-11 8.30914225138705e-12 1.5696333122150463e-12
0.024578520866883665 0.09108510674198067 0.16877534484543472 0.20848719069141944 0.19315725019940325 0.1431636089713224 0.08842458201169916 0.04681301400619366 0.02168544031169264 0.008929298951873452 0.0033090931409883928 0.0011148281704934154 0.0003442851702994384 9.814464130707957e-05 2.597946387540336e-05 6.418455780981991e-06 1.4866276257421542e-06 3.240745343313354e-07 6.672122765645135e-08 1.3013737902032306e-08 2.4113690818471594e-09 4.2553572032597014e-10 7.168115075009616e-11 1.1549648330578173e-11 1.7834015804569335e-12 3.078648447285559e-13
0.0319224918348957 0.10995524965352967 0.18936737440330106 0.21742180024082713 0.1872243279851567 0.1289767592786636 0.07404221365997347 0.03643347021363774 0.015686633008649586 0.006003526213186887 0.0020678812512088147 0.0006475183715906391 0.00018586175480842432 4.924542221419793e-05 1.2115937211429608e-05 2.782178174476428e-06 5.989411347831199e-07 1.2135408613252769e-07 2.3222078210545454e-08 4.209850435829872e-09 7.250297972818119e-10 1.1892023130019147e-10 1.8618824092454154e-11 2.7883263133627e-12 4.001764616400188e-13 6.361577931102147e-14
2 3
0.01831563888873418 0.07326255555493673 0.14652511110987343 0.19536681481316454 0.19536681481316454 0.1562934518505317 0.10419563456702102 0.0595403626097263 0.029770181304863145 0.013231191691050305 0.005292476676420117 0.001924536973243679 0.00064151232441456 0.00019738840751217245 5.6396687860620494e-05 1.5039116762832128e-05 3.759779190708031e-06 8.8465392722542e-07 1.9658976160564946e-07 4.1387318232768255e-08 8.277463646553656e-09 1.5766597422006976e-09 2.8666540767285306e-10 4.985485350832228e-11 8.30914225138705e-12 1.5696333122150463e-12
0.024578520866883665 0.09108510674198067 0.16877534484543472 0.20848719069141944 0.19315725019940325 0.1431636089713224 0.08842458201169916 0.04681301400619366 0.02168544031169264 0.008929298951873452 0.0033090931409883928 0.0011148281704934154 0.0003442851702994384 9.814464130707957e-05 2.597946387540336e-05 6.418455780981991e-06 1.4866276257421542e-06 3.240745343313354e-07 6.672122765645135e-08 1.3013737902032306e-08 2.4113690818471594e-09 4.2553572032597014e-10 7.168115075009616e-11 1.1549648330578173e-11 1.7834015804569335e-12 3.078648447285559e-13
0.0319224918348957 0.10995524965352967 0.18936737440330106 0.21742180024082713 0.1872243279851567 0.1289767592786636 0.07404221365997347 0.03643347021363774 0.015686633008649586 0.006003526213186887 0.0020678812512088147 0.0006475183715906391 0.00018586175480842432 4.924542221419793e-05 1.2115937211429608e-05 2.782178174476428e-06 5.989411347831199e-07 1.2135408613252769e-07 2.3222078210545454e-08 4.209850435829872e-09 7.250297972818119e-10 1.1892023130019147e-10 1.8618824092454154e-11 2.7883263133627e-12 4.001764616400188e-13 6.361577931102147e-14
2 4
0.01831563888873418 0.07326255555493673 0.14652511110987343 0.19536681481316454 0.19536681481316454 0.1562934518505317 0.10419563456702102 0.0595403626097263 0.029770181304863145 0.013231191691050305 0.005292476676420117 0.001924536973243679 0.00064151232441456 0.00019738840751217245 5.6396687860620494e-05 1.5039116762832128e-05 3.759779190708031e-06 8.8465392722542e-07 1.9658976160564946e-07 4.1387318232768255e-08 8.277463646553656e-09 1.5766597422006976e-09 2.8666540767285306e-10 4.985485350832228e-11 8.30914225138705e-12 1.5696333122150463e-12
0.024578520866883665 0.09108510674198067 0.16877534484543472 0.20848719069141944 0.19315725019940325 0.1431636089713224 0.08842458201169916 0.04681301400619366 0.02168544031169264 0.008929298951873452 0.0033090931409883928 0.0011148281704934154 0.0003442851702994384 9.814464130707957e-05 2.597946387540336e-05 6.418455780981991e-06 1.4866276257421542e-06 3.240745343313354e-07 6.672122765645135e-08 1.3013737902032306e-08 2.4113690818471594e-09 4.2553572032597014e-10 7.168115075009616e-11 1.1549648330578173e-11 1.7834015804569335e-12 3.078648447285559e-13
0.0319224918348957 0.10995524965352967 0.18936737440330106 0.21742180024082713 0.1872243279851567 0.1289767592786636 0.07404221365997347 0.03643347021363774 0.015686633008649586 0.006003526213186887 0.0020678812512088147 0.0006475183715906391 0.00018586175480842432 4.924542221419793e-05 1.2115937211429608e-05 2.782178174476428e-06 5.989411347831199e-07 1.2135408613252769e-07 2.3222078210545454e-08 4.209850435829872e-09 7.250297972818119e-10 1.1892023130019147e-10 1.8618824092454154e-11 2.7883263133627e-12 4.001764616400188e-13 6.361577931102147e-14
2 5
0.01831563888873418 0.07326255555493673 0.14652511110987343 0.19536681481316454 0.19536681481316454 0.1562934518505317 0.10419563456702102 0.0595403626097263 0.029770181304863145 0.013231191691050305 0.005292476676420117 0.001924536973243679 0.00064151232441456 0.00019738840751217245 5.6396687860620494e-05 1.5039116762832128e-05 3.759779190708031e-06 8.8465392722542e-07 1.9658976160564946e-07 4.1387318232768255e-08 8.277463646553656e-09 1.5766597422006976e-09 2.8666540767285306e-10 4.985485350832228e-11 8.30914225138705e-12 1.5696333122150463e-12
0.024578520866883665 0.09108510674198067 0.16877534484543472 0.20848719069141944 0.19315725019940325 0.1431636089713224 0.08842458201169916 0.04681301400619366 0.02168544031169264 0.008929298951873452 0.0033090931409883928 0.0011148281704934154 0.0003442851702994384 9.814464130707957e-05 2.597946387540336e-05 6.418455780981991e-06 1.4866276257421542e-06 3.240745343313354e-07 6.672122765645135e-08 1.3013737902032306e-08 2.4113690818471594e-09 4.2553572032597014e-10 7.168115075009616e-11 1.1549648330578173e-11 1.7834015804569335e-12 3.078648447285559e-13
0.0319224918348957 0.10995524965352967 0.18936737440330106 0.21742180024082713 0.1872243279851567 0.1289767592786636 0.07404221365997347 0.03643347021363774 0.015686633008649586 0.006003526213186887 0.0020678812512088147 0.0006475183715906391 0.00018586175480842432 4.924542221419793e-05 1.2115937211429608e-05 2.782178174476428e-06 5.989411347831199e-07 1.2135408613252769e-07 2.3222078210545454e-08 4.209850435829872e-09 7.250297972818119e-10 1.1892023130019147e-10 1.8618824092454154e-11 2.7883263133627e-12 4.001764616400188e-13 6.361577931102147e-14
3 1
0.01831563888873418 0.07326255555493673 0.14652511110987343 0.19536681481316454 0.19536681481316454 0.1562934518505317 0.10419563456702102 0.0595403626097263 0.029770181304863145 0.013231191691050305 0.005292476676420117 0.001924536973243679 0.00064151232441456 0.00019738840751217245 5.6396687860620494e-05 1.5039116762832128e-05 3.759779190708031e-06 8.8465392722542e-07 1.9658976160564946e-07 4.1387318232768255e-08 8.277463646553656e-09 1.5766597422006976e-09 2.8666540767285306e-10 4.985485350832228e-11 8.30914225138705e-12 1.5696333122150463e-12
0.024578520866883665 0.09108510674198067 0.16877534484543472 0.20848719069141944 0.19315725019940325 0.1431636089713224 0.08842458201169916 0.04681301400619366 0.02168544031169264 0.008929298951873452 0.0033090931409883928 0.0011148281704934154 0.0003442851702994384 9.814464130707957e-05 2.597946387540336e-05 6.418455780981991e-06 1.4866276257421542e-06 3.240745343313354e-07 6.672122765645135e-08 1.3013737902032306e-08 2.4113690818471594e-09 4.2553572032597014e-10 7.168115075009616e-11 1.1549648330578173e-11 1.7834015804569335e-12 3.078648447285559e-13
0.0319224918348957 0.10995524965352967 0.18936737440330106 0.21742180024082713 0.1872243279851567 0.1289767592786636 0.07404221365997347 0.03643347021363774 0.015686633008649586 0.006003526213186887 0.0020678812512088147 0.0006475183715906391 0.00018586175480842432 4.924542221419793e-05 1.2115937211429608e-05 2.782178174476428e-06 5.989411347831199e-07 1.2135408613252769e-07 2.3222078210545454e-08 4.209850435829872e-09 7.250297972818119e-10 1.1892023130019147e-10 1.8618824092454154e-11 2.7883263133627e-12 4.001764616400188e-13 6.361577931102147e-14
3 2
0.01831563888873418 0.07326255555493673 0.14652511110987343 0.19536681481316454 0.19536681481316454 0.1562934518505317 0.10419563456702102 0.0595403626097263 0.029770181304863145 0.013231191691050305 0.005292476676420117 0.001924536973243679 0.00064151232441456 0.00019738840751217245 5.6396687860620494e-05 1.5039116762832128e-05 3.759779190708031e-06 8.8465392722542e-07 1.9658976160564946e-07 4.1387318232768255e-08 8.277463646553656e-09 1.5766597422006976e-09 2.8666540767285306e-10 4.985485350832228e-11 8.30914225138705e-12 1.5696333122150463e-12
0.024578520866883665 0.09108510674198067 0.16877534484543472 0.20848719069141944 0.19315725019940325 0.1431636089713224 0.08842458201169916 0.04681301400619366 0.02168544031169264 0.008929298951873452 0.0033090931409883928 0.0011148281704934154 0.0003442851702994384 9.814464130707957e-05 2.597946387540336e-05 6.418455780981991e-06 1.4866276257421542e-06 3.240745343313354e-07 6.672122765645135e-08 1.3013737902032306e-08 2.4113690818471594e-09 4.2553572032597014e-10 7.168115075009616e-11 1.1549648330578173e-11 1.7834015804569335e-12 3.078648447285559e-13
0.0319224918348957 0.10995524965352967 0.18936737440330106 0.21742180024082713 0.1872243279851567 0.1289767592786636 0.07404221365997347 0.03643347021363774 0.015686633008649586 0.006003526213186887 0.0020678812512088147 0.0006475183715906391 0.00018586175480842432 4.924542221419793e-05 1.2115937211429608e-05 2.782178174476428e-06 5.989411347831199e-07 1.2135408613252769e-07 2.3222078210545454e-08 4.209850435829872e-09 7.250297972818119e-10 1.1892023130019147e-10 1.8618824092454154e-11 2.7883263133627e-12 4.001764616400188e-13 6.361577931102147e-14
3 3
0.01831563888873418 0.07326255555493673 0.14652511110987343 0.19536681481316454 0.19536681481316454 0.1562934518505317 0.10419563456702102 0.0595403626097263 0.029770181304863145 0.013231191691050305 0.005292476676420117 0.001924536973243679 0.00064151232441456 0.00019738840751217245 5.6396687860620494e-05 1.5039116762832128e-05 3.759779190708031e-06 8.8465392722542e-07 1.9658976160564946e-07 4.1387318232768255e-08 8.277463646553656e-09 1.5766597422006976e-09 2.8666540767285306e-10 4.985485350832228e-11 8.30914225138705e-12 1.5696333122150463e-12
0.024578520866883665 0.09108510674198067 0.16877534484543472 0.20848719069141944 0.19315725019940325 0.1431636089713224 0.08842458201169916 0.04681301400619366 0.02168544031169264 0.008929298951873452 0.0033090931409883928 0.0011148281704934154 0.0003442851702994384 9.814464130707957e-05 2.597946387540336e-05 6.418455780981991e-06 1.4866276257421542e-06 3.240745343313354e-07 6.672122765645135e-08 1.3013737902032306e-08 2.4113690818471594e-09 4.2553572032597014e-10 7.168115075009616e-11 1.1549648330578173e-11 1.7834015804569335e-12 3.078648447285559e-13
0.0319224918348957 0.10995524965352967 0.18936737440330106 0.21742180024082713 0.1872243279851567 0.1289767592786636 0.07404221365997347 0.03643347021363774 0.015686633008649586 0.006003526213186887 0.0020678812512088147 0.0006475183715906391 0.00018586175480842432 4.924542221419793e-05 1.2115937211429608e-05 2.782178174476428e-06 5.989411347831199e-07 1.2135408613252769e-07 2.3222078210545454e-08 4.209850435829872e-09 7.250297972818119e-10 1.1892023130019147e-10 1.8618824092454154e-11 2.7883263133627e-12 4.001764616400188e-13 6.361577931102147e-14
3 4
0.01831563888873418 0.07326255555493673 0.14652511110987343 0.19536681481316454 0.19536681481316454 0.1562934518505317 0.10419563456702102 0.0595403626097263 0.029770181304863145 0.013231191691050305 0.005292476676420117 0.001924536973243679 0.00064151232441456 0.00019738840751217245 5.6396687860620494e-05 1.5039116762832128e-05 3.759779190708031e-06 8.8465392722542e-07 1.9658976160564946e-07 4.1387318232768255e-08 8.277463646553656e-09 1.5766597422006976e-09 2.8666540767285306e-10 4.985485350832228e-11 8.30914225138705e-12 1.5696333122150463e-12
0.024578520866883665 0.09108510674198067 0.16877534484543472 0.20848719069141944 0.19315725019940325 0.1431636089713224 0.08842458201169916 0.04681301400619366 0.02168544031169264 0.008929298951873452 0.0033090931409883928 0.0011148281704934154 0.0003442851702994384 9.814464130707957e-05 2.597946387540336e-05 6.418455780981991e-06 1.4866276257421542e-06 3.240745343313354e-07 6.672122765645135e-08 1.3013737902032306e-08 2.4113690818471594e-09 4.2553572032597014e-10 7.168115075009616e-11 1.1549648330578173e-11 1.7834015804569335e-12 3.078648447285559e-13
0.0319224918348957 0.10995524965352967 0.18936737440330106 0.21742180024082713 0.1872243279851567 0.1289767592786636 0.07404221365997347 0.03643347021363774 0.015686633008649586 0.006003526213186887 0.0020678812512088147 0.0006475183715906391 0.00018586175480842432 4.924542221419793e-05 1.2115937211429608e-05 2.782178174476428e-06 5.989411347831199e-07 1.2135408613252769e-07 2.3222078210545454e-08 4.209850435829872e-09 7.250297972818119e-10 1.1892023130019147e-10 1.8618824092454154e-11 2.7883263133627e-12 4.001764616400188e-13 6.361577931102147e-14
3 5
0.01831563888873418 0.07326255555493673 0.14652511110987343 0.19536681481316454 0.19536681481316454 0.1562934518505317 0.10419563456702102 0.0595403626097263 0.029770181304863145 0.013231191691050305 0.005292476676420117 0.001924536973243679 0.00064151232441456 0.00019738840751217245 5.6396687860620494e-05 1.5039116762832128e-05 3.759779190708031e-06 8.8465392722542e-07 1.9658976160564946e-07 4.1387318232768255e-08 8.277463646553656e-09 1.5766597422006976e-09 2.8666540767285306e-10 4.985485350832228e-11 8.30914225138705e-12 1.5696333122150463e-12
0.024578520866883665 0.09108510674198067 0.16877534484543472 0.20848719069141944 0.19315725019940325 0.1431636089713224 0.08842458201169916 0.04681301400619366 0.02168544031169264 0.008929298951873452 0.0033090931409883928 0.0011148281704934154 0.0003442851702994384 9.814464130707957e-05 2.597946387540336e-05 6.418455780981991e-06 1.4866276257421542e-06 3.240745343313354e-07 6.672122765645135e-08 1.3013737902032306e-08 2.4113690818471594e-09 4.2553572032597014e-10 7.168115075009616e-11 1.1549648330578173e-11 1.7834015804569335e-12 3.078648447285559e-13
0.0319224918348957 0.10995524965352967 0.18936737440330106 0.21742180024082713 0.1872243279851567 0.1289767592786636 0.07404221365997347 0.03643347021363774 0.015686633008649586 0.006003526213186887 0.0020678812512088147 0.0006475183715906391 0.00018586175480842432 4.924542221419793e-05 1.2115937211429608e-05 2.782178174476428e-06 5.989411347831199e-07 1.2135408613252769e-07 2.3222078210545454e-08 4.209850435829872e-09 7.250297972818119e-10 1.1892023130019147e-10 1.8618824092454154e-11 2.7883263133627e-12 4.001764616400188e-13 6.361577931102147e-14
4 1
0.01831563888873418 0.07326255555493673 0.14652511110987343 0.19536681481316454 0.19536681481316454 0.1562934518505317 0.10419563456702102 0.0595403626097263 0.029770181304863145 0.013231191691050305 0.005292476676420117 0.001924536973243679 0.00064151232441456 0.00019738840751217245 5.6396687860620494e-05 1.5039116762832128e-05 3.759779190708031e-06 8.8465392722542e-07 1.9658976160564946e-07 4.1387318232768255e-08 8.277463646553656e-09 1.5766597422006976e-09 2.8666540767285306e-10 4.985485350832228e-11 8.30914225138705e-12 1.5696333122150463e-12
0.024578520866883665 0.09108510674198067 0.16877534484543472 0.20848719069141944 0.19315725019940325 0.1431636089713224 0.08842458201169916 0.04681301400619366 0.02168544031169264 0.008929298951873452 0.0033090931409883928 0.0011148281704934154 0.0003442851702994384 9.814464130707957e-05 2.597946387540336e-05 6.418455780981991e-06 1.4866276257421542e-06 3.240745343313354e-07 6.672122765645135e-08 1.3013737902032306e-08 2.4113690818471594e-09 4.2553572032597014e-10 7.168115075009616e-11 1.1549648330578173e-11 1.7834015804569335e-12 3.078648447285559e-13
0.0319224918348957 0.10995524965352967 0.18936737440330106 0.21742180024082713 0.1872243279851567 0.1289767592786636 0.07404221365997347 0.03643347021363774 0.015686633008649586 0.006003526213186887 0.0020678812512088147 0.0006475183715906391 0.00018586175480842432 4.924542221419793e-05 1.2115937211429608e-05 2.782178174476428e-06 5.989411347831199e-07 1.2135408613252769e-07 2.3222078210545454e-08 4.209850435829872e-09 7.250297972818119e-10 1.1892023130019147e-10 1.8618824092454154e-11 2.7883263133627e-12 4.001764616400188e-13 6.361577931102147e-14
4 2
0.01831563888873418 0.07326255555493673 0.14652511110987343 0.19536681481316454 0.19536681481316454 0.1562934518505317 0.10419563456702102 0.0595403626097263 0.029770181304863145 0.013231191691050305 0.005292476676420117 0.001924536973243679 0.00064151232441456 0.00019738840751217245 5.6396687860620494e-05 1.5039116762832128e-05 3.759779190708031e-06 8.8465392722542e-07 1.9658976160564946e-07 4.1387318232768255e-08 8.277463646553656e-09 1.5766597422006976e-09 2.8666540767285306e-10 4.985485350832228e-11 8.30914225138705e-12 1.5696333122150463e-12
0.024578520866883665 0.09108510674198067 0.16877534484543472 0.20848719069141944 0.19315725019940325 0.1431636089713224 0.08842458201169916 0.04681301400619366 0.02168544031169264 0.008929298951873452 0.0033090931409883928 0.0011148281704934154 0.0003442851702994384 9.814464130707957e-05 2.597946387540336e-05 6.418455780981991e-06 1.4866276257421542e-06 3.240745343313354e-07 6.672122765645135e-08 1.3013737902032306e-08 2.4113690818471594e-09 4.2553572032597014e-10 7.168115075009616e-11 1.1549648330578173e-11 1.7834015804569335e-12 3.078648447285559e-13
0.0319224918348957 0.10995524965352967 0.18936737440330106 0.21742180024082713 0.1872243279851567 0.1289767592786636 0.07404221365997347 0.03643347021363774 0.015686633008649586 0.006003526213186887 0.0020678812512088147 0.0006475183715906391 0.00018586175480842432 4.924542221419793e-05 1.2115937211429608e-05 2.782178174476428e-06 5.989411347831199e-07 1.2135408613252769e-07 2.3222078210545454e-08 4.209850435829872e-09 7.250297972818119e-10 1.1892023130019147e-10 1.8618824092454154e-11 2.7883263133627e-12 4.001764616400188e-13 6.361577931102147e-14
4 3
0.01831563888873418 0.07326255555493673 0.14652511110987343 0.19536681481316454 0.19536681481316454 0.1562934518505317 0.10419563456702102 0.0595403626097263 0.029770181304863145 0.013231191691050305 0.005292476676420117 0.001924536973243679 0.00064151232441456 0.00019738840751217245 5.6396687860620494e-05 1.5039116762832128e-05 3.759779190708031e-06 8.8465392722542e-07 1.9658976160564946e-07 4.1387318232768255e-08 8.277463646553656e-09 1.5766597422006976e-09 2.8666540767285306e-10 4.985485350832228e-11 8.30914225138705e-12 1.5696333122150463e-12
0.024578520866883665 0.09108510674198067 0.16877534484543472 0.20848719069141944 0.19315725019940325 0.1431636089713224 0.08842458201169916 0.04681301400619366 0.02168544031169264 0.008929298951873452 0.0033090931409883928 0.0011148281704934154 0.0003442851702994384 9.814464130707957e-05 2.597946387540336e-05 6.418455780981991e-06 1.4866276257421542e-06 3.240745343313354e-07 6.672122765645135e-08 1.3013737902032306e-08 2.4113690818471594e-09 4.2553572032597014e-10 7.168115075009616e-11 1.1549648330578173e-11 1.7834015804569335e-12 3.078648447285559e-13
0.0319224918348957 0.10995524965352967 0.18936737440330106 0.21742180024082713 0.1872243279851567 0.1289767592786636 0.07404221365997347 0.03643347021363774 0.015686633008649586 0.006003526213186887 0.0020678812512088147 0.0006475183715906391 0.00018586175480842432 4.924542221419793e-05 1.2115937211429608e-05 2.782178174476428e-06 5.989411347831199e-07 1.2135408613252769e-07 2.3222078210545454e-08 4.209850435829872e-09 7.250297972818119e-10 1.1892023130019147e-10 1.8618824092454154e-11 2.7883263133627e-12 4.001764616400188e-13 6.361577931102147e-14
4 4
0.01831563888873418 0.07326255555493673 0.14652511110987343 0.19536681481316454 0.19536681481316454 0.1562934518505317 0.10419563456702102 0.0595403626097263 0.029770181304863145 0.013231191691050305 0.005292476676420117 0.001924536973243679 0.00064151232441456 0.00019738840751217245 5.6396687860620494e-05 1.5039116762832128e-05 3.759779190708031e-06 8.8465392722542e-07 1.9658976160564946e-07 4.1387318232768255e-08 8.277463646553656e-09 1.5766597422006976e-09 2.8666540767285306e-10 4.985485350832228e-11 8.30914225138705e-12 1.5696333122150463e-12
0.024578520866883665 0.09108510674198067 0.16877534484543472 0.20848719069141944 0.19315725019940325 0.1431636089713224 0.08842458201169916 0.04681301400619366 0.02168544031169264 0.008929298951873452 0.0033090931409883928 0.0011148281704934154 0.0003442851702994384 9.814464130707957e-05 2.597946387540336e-05 6.418455780981991e-06 1.4866276257421542e-06 3.240745343313354e-07 6.672122765645135e-08 1.3013737902032306e-08 2.4113690818471594e-09 4.2553572032597014e-10 7.168115075009616e-11 1.1549648330578173e-11 1.7834015804569335e-12 3.078648447285559e-13
0.0319224918348957 0.10995524965352967 0.18936737440330106 0.21742180024082713 0.1872243279851567 0.1289767592786636 0.07404221365997347 0.03643347021363774 0.015686633008649586 0.006003526213186887 0.0020678812512088147 0.0006475183715906391 0.00018586175480842432 4.924542221419793e-05 1.2115937211429608e-05 2.782178174476428e-06 5.989411347831199e-07 1.2135408613252769e-07 2.3222078210545454e-08 4.209850435829872e-09 7.250297972818119e-10 1.1892023130019147e-10 1.8618824092454154e-11 2.7883263133627e-12 4.001764616400188e-13 6.361577931102147e-14
4 5
0.01831563888873418 0.07326255555493673 0.14652511110987343 0.19536681481316454 0.19536681481316454 0.1562934518505317 0.10419563456702102 0.0595403626097263 0.029770181304863145 0.013231191691050305 0.005292476676420117 0.001924536973243679 0.00064151232441456 0.00019738840751217245 5.6396687860620494e-05 1.5039116762832128e-05 3.759779190708031e-06 8.8465392722542e-07 1.9658976160564946e-07 4.1387318232768255e-08 8.277463646553656e-09 1.5766597422006976e-09 2.8666540767285306e-10 4.985485350832228e-11 8.30914225138705e-12 1.5696333122150463e-12
0.024578520866883665 0.09108510674198067 0.16877534484543472 0.20848719069141944 0.19315725019940325 0.1431636089713224 0.08842458201169916 0.04681301400619366 0.02168544031169264 0.008929298951873452 0.0033090931409883928 0.0011148281704934154 0.0003442851702994384 9.814464130707957e-05 2.597946387540336e-05 6.418455780981991e-06 1.4866276257421542e-06 3.240745343313354e-07 6.672122765645135e-08 1.3013737902032306e-08 2.4113690818471594e-09 4.2553572032597014e-10 7.168115075009616e-11 1.1549648330578173e-11 1.7834015804569335e-12 3.078648447285559e-13
0.0319224918348957 0.10995524965352967 0.18936737440330106 0.21742180024082713 0.1872243279851567 0.1289767592786636 0.07404221365997347 0.03643347021363774 0.015686633008649586 0.006003526213186887 0.0020678812512088147 0.0006475183715906391 0.00018586175480842432 4.924542221419793e-05 1.2115937211429608e-05 2.782178174476428e-06 5.989411347831199e-07 1.2135408613252769e-07 2.3222078210545454e-08 4.209850435829872e-09 7.250297972818119e-10 1.1892023130019147e-10 1.8618824092454154e-11 2.7883263133627e-12 4.001764616400188e-13 6.361577931102147e-14
5 1
0.01831563888873418 0.07326255555493673 0.14652511110987343 0.19536681481316454 0.19536681481316454 0.1562934518505317 0.10419563456702102 0.0595403626097263 0.029770181304863145 0.013231191691050305 0.005292476676420117 0.001924536973243679 0.00064151232441456 0.00019738840751217245 5.6396687860620494e-05 1.5039116762832128e-05 3.759779190708031e-06 8.8465392722542e-07 1.9658976160564946e-07 4.1387318232768255e-08 8.277463646553656e-09 1.5766597422006976e-09 2.8666540767285306e-10 4.985485350832228e-11 8.30914225138705e-12 1.5696333122150463e-12
0.024578520866883665 0.09108510674198067 0.16877534484543472 0.20848719069141944 0.19315725019940325 0.1431636089713224 0.08842458201169916 0.04681301400619366 0.02168544031169264 0.008929298951873452 0.0033090931409883928 0.0011148281704934154 0.0003442851702994384 9.814464130707957e-05 2.597946387540336e-05 6.418455780981991e-06 1.4866276257421542e-06 3.240745343313354e-07 6.672122765645135e-08 1.3013737902032306e-08 2.4113690818471594e-09 4.2553572032597014e-10 7.168115075009616e-11 1.1549648330578173e-11 1.7834015804569335e-12 3.078648447285559e-13
0.0319224918348957 0.10995524965352967 0.18936737440330106 0.21742180024082713 0.1872243279851567 0.1289767592786636 0.07404221365997347 0.03643347021363774 0.015686633008649586 0.006003526213186887 0.0020678812512088147 0.0006475183715906391 0.00018586175480842432 4.924542221419793e-05 1.2115937211429608e-05 2.782178174476428e-06 5.989411347831199e-07 1.2135408613252769e-07 2.3222078210545454e-08 4.209850435829872e-09 7.250297972818119e-10 1.1892023130019147e-10 1.8618824092454154e-11 2.7883263133627e-12 4.001764616400188e-13 6.361577931102147e-14
5 2
0.01831563888873418 0.07326255555493673 0.14652511110987343 0.19536681481316454 0.19536681481316454 0.1562934518505317 0.10419563456702102 0.0595403626097263 0.029770181304863145 0.013231191691050305 0.005292476676420117 0.001924536973243679 0.00064151232441456 0.00019738840751217245 5.6396687860620494e-05 1.5039116762832128e-05 3.759779190708031e-06 8.8465392722542e-07 1.9658976160564946e-07 4.1387318232768255e-08 8.277463646553656e-09 1.5766597422006976e-09 2.8666540767285306e-10 4.985485350832228e-11 8.30914225138705e-12 1.5696333122150463e-12
0.024578520866883665 0.09108510674198067 0.16877534484543472 0.20848719069141944 0.19315725019940325 0.1431636089713224 0.08842458201169916 0.04681301400619366 0.02168544031169264 0.008929298951873452 0.0033090931409883928 0.0011148281704934154 0.0003442851702994384 9.814464130707957e-05 2.597946387540336e-05 6.418455780981991e-06 1.4866276257421542e-06 3.240745343313354e-07 6.672122765645135e-08 1.3013737902032306e-08 2.4113690818471594e-09 4.2553572032597014e-10 7.168115075009616e-11 1.1549648330578173e-11 1.7834015804569335e-12 3.078648447285559e-13
0.0319224918348957 0.10995524965352967 0.18936737440330106 0.21742180024082713 0.1872243279851567 0.1289767592786636 0.07404221365997347 0.03643347021363774 0.015686633008649586 0.006003526213186887 0.0020678812512088147 0.0006475183715906391 0.00018586175480842432 4.924542221419793e-05 1.2115937211429608e-05 2.782178174476428e-06 5.989411347831199e-07 1.2135408613252769e-07 2.3222078210545454e-08 4.209850435829872e-09 7.250297972818119e-10 1.1892023130019147e-10 1.8618824092454154e-11 2.7883263133627e-12 4.001764616400188e-13 6.361577931102147e-14
5 3
0.01831563888873418 0.07326255555493673 0.14652511110987343 0.19536681481316454 0.19536681481316454 0.1562934518505317 0.10419563456702102 0.0595403626097263 0.029770181304863145 0.013231191691050305 0.005292476676420117 0.001924536973243679 0.00064151232441456 0.00019738840751217245 5.6396687860620494e-05 1.5039116762832128e-05 3.759779190708031e-06 8.8465392722542e-07 1.9658976160564946e-07 4.1387318232768255e-08 8.277463646553656e-09 1.5766597422006976e-09 2.8666540767285306e-10 4.985485350832228e-11 8.30914225138705e-12 1.5696333122150463e-12
0.024578520866883665 0.09108510674198067 0.16877534484543472 0.20848719069141944 0.19315725019940325 0.1431636089713224 0.08842458201169916 0.04681301400619366 0.02168544031169264 0.008929298951873452 0.0033090931409883928 0.0011148281704934154 0.0003442851702994384 9.814464130707957e-05 2.597946387540336e-05 6.418455780981991e-06 1.4866276257421542e-06 3.240745343313354e-07 6.672122765645135e-08 1.3013737902032306e-08 2.4113690818471594e-09 4.2553572032597014e-10 7.168115075009616e-11 1.1549648330578173e-11 1.7834015804569335e-12 3.078648447285559e-13
0.0319224918348957 0.10995524965352967 0.18936737440330106 0.21742180024082713 0.1872243279851567 0.1289767592786636 0.07404221365997347 0.03643347021363774 0.015686633008649586 0.006003526213186887 0.0020678812512088147 0.0006475183715906391 0.00018586175480842432 4.924542221419793e-05 1.2115937211429608e-05 2.782178174476428e-06 5.989411347831199e-07 1.2135408613252769e-07 2.3222078210545454e-08 4.209850435829872e-09 7.250297972818119e-10 1.1892023130019147e-10 1.8618824092454154e-11 2.7883263133627e-12 4.001764616400188e-13 6.361577931102147e-14
5 4
0.01831563888873418 0.07326255555493673 0.14652511110987343 0.19536681481316454 0.19536681481316454 0.1562934518505317 0.10419563456702102 0.0595403626097263 0.029770181304863145 0.013231191691050305 0.005292476676420117 0.001924536973243679 0.00064151232441456 0.00019738840751217245 5.6396687860620494e-05 1.5039116762832128e-05 3.759779190708031e-06 8.8465392722542e-07 1.9658976160564946e-07 4.1387318232768255e-08 8.277463646553656e-09 1.5766597422006976e-09 2.8666540767285306e-10 4.985485350832228e-11 8.30914225138705e-12 1.5696333122150463e-12
